21
# x y z
-15	0.657	0
-13.5	1.166	0
-12	1.608	0
-10.5	0.601	0
-9	0.393	0
-7.5	1.337	0
-6	1.405	0
-4.5	0.769	0
-3	0.681	0
-1.5	1.204	0
0	1.318	0
1.5	0.944	0
3	0.417	0
4.5	1.015	0
6	1.589	0
7.5	1.3	0
9	0.653	0
10.5	0.609	0
12	1.354	0
13.5	1.228	0
15	0.775	0
171
# a b m n err i ip iperr k r rhoa u valid 
1	2	3	4	5.29760203767043e-03	1.00000000000000e+00	0.00000000000000e+00	0.00000000000000e+00	-2.01494425260023e+01	-5.00953921840875e+00	1.00404685672430e+02	-5.00953921840875e+00	1
2	3	4	5	5.13267433113354e-03	1.00000000000000e+00	0.00000000000000e+00	0.00000000000000e+00	-3.90280672375050e+01	-2.56394613619283e+00	1.00579467678994e+02	-2.56394613619283e+00	1
3	4	5	6	9.70775493480426e-04	1.00000000000000e+00	0.00000000000000e+00	0.00000000000000e+00	-3.23738244125365e+01	-3.01133035199579e+00	9.75829192968408e+01	-3.01133035199579e+00	1
4	5	6	7	9.68644990532886e-03	1.00000000000000e+00	0.00000000000000e+00	0.00000000000000e+00	-5.02146611796518e+01	-1.96986170533127e+00	9.98740823832636e+01	-1.96986170533127e+00	1
5	6	7	8	7.02053093877358e-03	1.00000000000000e+00	0.00000000000000e+00	0.00000000000000e+00	-1.77296789086983e+01	-5.67866564397357e+00	9.99740849942518e+01	-5.67866564397357e+00	1
6	7	8	9	3.27662146597780e-03	1.00000000000000e+00	0.00000000000000e+00	0.00000000000000e+00	-3.23889814570116e+01	-3.09906445972563e+00	1.00046648666788e+02	-3.09906445972563e+00	1
7	8	9	10	3.92108153132156e-03	1.00000000000000e+00	0.00000000000000e+00	0.00000000000000e+00	-3.37547744290458e+01	-2.95743511859524e+00	9.94361233332513e+01	-2.95743511859524e+00	1
8	9	10	11	1.46351494813211e-02	1.00000000000000e+00	0.00000000000000e+00	0.00000000000000e+00	-3.59836915018493e+01	-2.78037219184379e+00	9.85838369682902e+01	-2.78037219184379e+00	1
9	10	11	12	2.96120277064587e-03	1.00000000000000e+00	0.00000000000000e+00	0.00000000000000e+00	-2.52251223103418e+01	-4.00617778300821e+00	1.01355572841674e+02	-4.00617778300821e+00	1
10	11	12	13	2.61055272179894e-03	1.00000000000000e+00	0.00000000000000e+00	0.00000000000000e+00	-2.32862453438538e+01	-4.33775455363729e+00	1.01273708751644e+02	-4.33775455363729e+00	1
11	12	13	14	5.11345664246456e-05	1.00000000000000e+00	0.00000000000000e+00	0.00000000000000e+00	-3.64068845799208e+01	-2.63493384503088e+00	9.59346376970383e+01	-2.63493384503088e+00	1
12	13	14	15	2.34587133375146e-03	1.00000000000000e+00	0.00000000000000e+00	0.00000000000000e+00	-4.48395304261829e+01	-2.14144812925041e+00	9.57962743963734e+01	-2.14144812925041e+00	1
13	14	15	16	1.41537074205041e-02	1.00000000000000e+00	0.00000000000000e+00	0.00000000000000e+00	-2.39471427523419e+01	-4.23381678363407e+00	9.99528014367775e+01	-4.23381678363407e+00	1
14	15	16	17	4.20645322765357e-03	1.00000000000000e+00	0.00000000000000e+00	0.00000000000000e+00	-2.89737926291197e+01	-3.51603020617640e+00	1.01444207197257e+02	-3.51603020617640e+00	1
15	16	17	18	3.42714516526772e-03	1.00000000000000e+00	0.00000000000000e+00	0.00000000000000e+00	-2.72467887950389e+01	-3.66234352303651e+00	9.94451155881327e+01	-3.66234352303651e+00	1
16	17	18	19	8.02277269221615e-03	1.00000000000000e+00	0.00000000000000e+00	0.00000000000000e+00	-5.51376725009812e+01	-1.77599887654586e+00	9.71388188585264e+01	-1.77599887654586e+00	1
17	18	19	20	1.61285711666000e-03	1.00000000000000e+00	0.00000000000000e+00	0.00000000000000e+00	-2.57995697124589e+01	-3.88924027499288e+00	1.00178890349802e+02	-3.88924027499288e+00	1
18	19	20	21	4.04050856814538e-03	1.00000000000000e+00	0.00000000000000e+00	0.00000000000000e+00	-2.38029065402605e+01	-4.24687470904141e+00	1.01496408563247e+02	-4.24687470904141e+00	1
1	2	4	5	1.88618590121053e-02	1.00000000000000e+00	0.00000000000000e+00	0.00000000000000e+00	-7.40028106109844e+01	-1.31837285729801e+00	9.94035220236669e+01	-1.31837285729801e+00	1
2	3	5	6	1.74577812831838e-03	1.00000000000000e+00	0.00000000000000e+00	0.00000000000000e+00	-1.86683775168607e+02	-5.04902892234460e-01	9.44217301356946e+01	-5.04902892234460e-01	1
3	4	6	7	2.57550390722771e-03	1.00000000000000e+00	0.00000000000000e+00	0.00000000000000e+00	-2.54632703856397e+02	-3.68752260892680e-01	9.41382157513338e+01	-3.68752260892680e-01	1
4	5	7	8	7.44459157661625e-04	1.00000000000000e+00	0.00000000000000e+00	0.00000000000000e+00	-1.01435866521778e+02	-9.65236488927115e-01	9.78367099546758e+01	-9.65236488927115e-01	1
5	6	8	9	1.91877121529904e-02	1.00000000000000e+00	0.00000000000000e+00	0.00000000000000e+00	-6.24828684199585e+01	-1.60681162109328e+00	9.84717873514907e+01	-1.60681162109328e+00	1
6	7	9	10	2.65138754492255e-04	1.00000000000000e+00	0.00000000000000e+00	0.00000000000000e+00	-1.67446298909990e+02	-5.96334093684116e-01	9.98274617527871e+01	-5.96334093684116e-01	1
7	8	10	11	6.02302099410371e-04	1.00000000000000e+00	0.00000000000000e+00	0.00000000000000e+00	-1.85416810039641e+02	-5.33704091026624e-01	9.90173124997865e+01	-5.33704091026624e-01	1
8	9	11	12	2.46324211248527e-02	1.00000000000000e+00	0.00000000000000e+00	0.00000000000000e+00	-1.18204904943539e+02	-8.38579664202488e-01	1.01565899259228e+02	-8.38579664202488e-01	1
9	10	12	13	1.92360964781129e-03	1.00000000000000e+00	0.00000000000000e+00	0.00000000000000e+00	-6.87406062293947e+01	-1.42819298922195e+00	9.79860017994167e+01	-1.42819298922195e+00	1
10	11	13	14	3.01547342333613e-03	1.00000000000000e+00	0.00000000000000e+00	0.00000000000000e+00	-1.13491689113921e+02	-7.84082900780266e-01	8.92552304252039e+01	-7.84082900780266e-01	1
11	12	14	15	3.47117697052411e-04	1.00000000000000e+00	0.00000000000000e+00	0.00000000000000e+00	-2.57780543912926e+02	-3.19781552237421e-01	8.24048483554298e+01	-3.19781552237421e-01	1
12	13	15	16	1.16867803761954e-02	1.00000000000000e+00	0.00000000000000e+00	0.00000000000000e+00	-1.41106817283082e+02	-6.35292910620405e-01	8.85965090425071e+01	-6.35292910620405e-01	1
13	14	16	17	1.14282281451501e-02	1.00000000000000e+00	0.00000000000000e+00	0.00000000000000e+00	-6.97985713102806e+01	-1.41446873594648e+00	9.98561818625543e+01	-1.41446873594648e+00	1
14	15	17	18	7.51933032686776e-03	1.00000000000000e+00	0.00000000000000e+00	0.00000000000000e+00	-9.53425077126933e+01	-1.02684701459408e+00	9.86383281601931e+01	-1.02684701459408e+00	1
15	16	18	19	7.91031947043035e-03	1.00000000000000e+00	0.00000000000000e+00	0.00000000000000e+00	-2.20722719996504e+02	-4.23085525026683e-01	9.41232897987446e+01	-4.23085525026683e-01	1
16	17	19	20	9.09387454794734e-03	1.00000000000000e+00	0.00000000000000e+00	0.00000000000000e+00	-2.09180230081542e+02	-4.53116180949734e-01	9.39210027555712e+01	-4.53116180949734e-01	1
17	18	20	21	1.40279431093610e-02	1.00000000000000e+00	0.00000000000000e+00	0.00000000000000e+00	-7.03253827907246e+01	-1.40297020322687e+00	1.00048475408696e+02	-1.40297020322687e+00	1
1	2	5	6	1.40185106279229e-02	1.00000000000000e+00	0.00000000000000e+00	0.00000000000000e+00	-2.27647736984341e+02	-3.98361310443727e-01	8.94147674573414e+01	-3.98361310443727e-01	1
2	3	6	7	5.86857093800268e-03	1.00000000000000e+00	0.00000000000000e+00	0.00000000000000e+00	-9.65158121814590e+02	-9.48403565162395e-02	9.20731255268629e+01	-9.48403565162395e-02	1
3	4	7	8	2.19045562580997e-02	1.00000000000000e+00	0.00000000000000e+00	0.00000000000000e+00	-3.62990575727666e+02	-2.58184243366190e-01	9.57713081411774e+01	-2.58184243366190e-01	1
4	5	8	9	9.90536325130686e-03	1.00000000000000e+00	0.00000000000000e+00	0.00000000000000e+00	-1.80449365765699e+02	-5.43530628157227e-01	9.71082415032784e+01	-5.43530628157227e-01	1
5	6	9	10	5.66297729602776e-03	1.00000000000000e+00	0.00000000000000e+00	0.00000000000000e+00	-1.92806820619251e+02	-5.24048596436656e-01	1.00467955689008e+02	-5.24048596436656e-01	1
6	7	10	11	9.96513650876551e-04	1.00000000000000e+00	0.00000000000000e+00	0.00000000000000e+00	-6.19206424308049e+02	-1.61930669094982e-01	1.00368429535676e+02	-1.61930669094982e-01	1
7	8	11	12	5.03475654116210e-03	1.00000000000000e+00	0.00000000000000e+00	0.00000000000000e+00	-4.17437500556063e+02	-2.36031859815536e-01	9.80324823533413e+01	-2.36031859815536e-01	1
8	9	12	13	1.55066343106613e-02	1.00000000000000e+00	0.00000000000000e+00	0.00000000000000e+00	-1.83894901233176e+02	-5.04088992787933e-01	9.12619399139875e+01	-5.04088992787933e-01	1
9	10	13	14	6.85629748060196e-04	1.00000000000000e+00	0.00000000000000e+00	0.00000000000000e+00	-1.86804856878945e+02	-4.31614004133409e-01	8.06828729448642e+01	-4.31614004133409e-01	1
10	11	14	15	1.06230371372612e-02	1.00000000000000e+00	0.00000000000000e+00	0.00000000000000e+00	-5.44714893131862e+02	-1.35953567465744e-01	7.32692340467913e+01	-1.35953567465744e-01	1
11	12	15	16	4.73592430635184e-03	1.00000000000000e+00	0.00000000000000e+00	0.00000000000000e+00	-5.68550518857167e+02	-1.31123027661923e-01	7.49031288781307e+01	-1.31123027661923e-01	1
12	13	16	17	9.19424234233798e-03	1.00000000000000e+00	0.00000000000000e+00	0.00000000000000e+00	-2.41224337925367e+02	-3.35075176579709e-01	8.00851327611191e+01	-3.35075176579709e-01	1
13	14	17	18	1.54993440501754e-02	1.00000000000000e+00	0.00000000000000e+00	0.00000000000000e+00	-1.27776092365838e+02	-6.92590186663287e-01	8.98681048622916e+01	-6.92590186663287e-01	1
14	15	18	19	7.83253292336236e-03	1.00000000000000e+00	0.00000000000000e+00	0.00000000000000e+00	-4.99359664828343e+02	-1.78806568499702e-01	8.85894307425187e+01	-1.78806568499702e-01	1
15	16	19	20	3.22061516205667e-03	1.00000000000000e+00	0.00000000000000e+00	0.00000000000000e+00	-6.01826726199077e+02	-1.49465676283815e-01	8.96627364492810e+01	-1.49465676283815e-01	1
16	17	20	21	8.13517217369669e-03	1.00000000000000e+00	0.00000000000000e+00	0.00000000000000e+00	-3.48669855294762e+02	-2.62856606740129e-01	9.23957649890149e+01	-2.62856606740129e-01	1
1	2	6	7	1.23086431643395e-02	1.00000000000000e+00	0.00000000000000e+00	0.00000000000000e+00	-9.86984396605798e+02	-9.00896928631859e-02	8.78226720355255e+01	-9.00896928631859e-02	1
2	3	7	8	2.27459934604142e-03	1.00000000000000e+00	0.00000000000000e+00	0.00000000000000e+00	-1.15458092039836e+03	-7.98418308495222e-02	9.23935358838034e+01	-7.98418308495222e-02	1
3	4	8	9	1.30714275428243e-02	1.00000000000000e+00	0.00000000000000e+00	0.00000000000000e+00	-5.08829156745014e+02	-1.86642182938077e-01	9.62103647578887e+01	-1.86642182938077e-01	1
4	5	9	10	1.60748323456123e-02	1.00000000000000e+00	0.00000000000000e+00	0.00000000000000e+00	-4.03284149968683e+02	-2.46455583277714e-01	9.77939266118360e+01	-2.46455583277714e-01	1
5	6	10	11	1.84633858532316e-03	1.00000000000000e+00	0.00000000000000e+00	0.00000000000000e+00	-5.75547679332326e+02	-1.77213027338510e-01	1.02182863099075e+02	-1.77213027338510e-01	1
6	7	11	12	2.59882794248419e-03	1.00000000000000e+00	0.00000000000000e+00	0.00000000000000e+00	-1.18106188656460e+03	-8.46608840422200e-02	1.00249599564306e+02	-8.46608840422200e-02	1
7	8	12	13	7.81822871777304e-03	1.00000000000000e+00	0.00000000000000e+00	0.00000000000000e+00	-5.16544759909167e+02	-1.76130944859432e-01	9.16908152945965e+01	-1.76130944859432e-01	1
8	9	13	14	1.23695071087808e-02	1.00000000000000e+00	0.00000000000000e+00	0.00000000000000e+00	-3.64787845838022e+02	-2.04268270334387e-01	7.35928736527688e+01	-2.04268270334387e-01	1
9	10	14	15	1.32045661308428e-02	1.00000000000000e+00	0.00000000000000e+00	0.00000000000000e+00	-7.18695268748456e+02	-9.43922047074093e-02	6.69434433188707e+01	-9.43922047074093e-02	1
10	11	15	16	5.21941565616899e-03	1.00000000000000e+00	0.00000000000000e+00	0.00000000000000e+00	-1.02061107964363e+03	-6.62707069795602e-02	6.79896414210268e+01	-6.62707069795602e-02	1
11	12	16	17	2.96984673233178e-03	1.00000000000000e+00	0.00000000000000e+00	0.00000000000000e+00	-8.03154930198323e+02	-8.42317657395427e-02	6.78520715033497e+01	-8.42317657395427e-02	1
12	13	17	18	2.50492850345875e-03	1.00000000000000e+00	0.00000000000000e+00	0.00000000000000e+00	-3.16398833098577e+02	-2.23551739707008e-01	7.09086869548949e+01	-2.23551739707008e-01	1
13	14	18	19	3.46448209496985e-03	1.00000000000000e+00	0.00000000000000e+00	0.00000000000000e+00	-5.14498150284713e+02	-1.52880232822743e-01	7.89291013743634e+01	-1.52880232822743e-01	1
14	15	19	20	6.80024721578479e-03	1.00000000000000e+00	0.00000000000000e+00	0.00000000000000e+00	-1.14616593444411e+03	-7.45321119903346e-02	8.48452487258563e+01	-7.45321119903346e-02	1
15	16	20	21	2.32253697160993e-03	1.00000000000000e+00	0.00000000000000e+00	0.00000000000000e+00	-8.52160367607818e+02	-1.01807765116616e-01	8.69580378247003e+01	-1.01807765116616e-01	1
1	2	7	8	2.93072473298691e-03	1.00000000000000e+00	0.00000000000000e+00	0.00000000000000e+00	-1.07537676732134e+03	-8.36120398625674e-02	9.01779596247650e+01	-8.36120398625674e-02	1
2	3	8	9	7.14351418026369e-03	1.00000000000000e+00	0.00000000000000e+00	0.00000000000000e+00	-1.42852297580732e+03	-6.55520526952460e-02	9.29736760498877e+01	-6.55520526952460e-02	1
3	4	9	10	1.86577451114475e-02	1.00000000000000e+00	0.00000000000000e+00	0.00000000000000e+00	-9.71846668401709e+02	-9.81413646392002e-02	9.71579033545116e+01	-9.81413646392002e-02	1
4	5	10	11	4.73832920911788e-03	1.00000000000000e+00	0.00000000000000e+00	0.00000000000000e+00	-1.03103330729424e+03	-9.59376204040251e-02	9.93835733339780e+01	-9.59376204040251e-02	1
5	6	11	12	1.19130349720265e-02	1.00000000000000e+00	0.00000000000000e+00	0.00000000000000e+00	-9.75503001001706e+02	-1.03288519539192e-01	9.95579240951184e+01	-1.03288519539192e-01	1
6	7	12	13	6.56553608633834e-03	1.00000000000000e+00	0.00000000000000e+00	0.00000000000000e+00	-1.29307531234092e+03	-7.03558268541338e-02	9.15726849430526e+01	-7.03558268541338e-02	1
7	8	13	14	9.74681670227327e-03	1.00000000000000e+00	0.00000000000000e+00	0.00000000000000e+00	-8.71410265176644e+02	-8.36022991586600e-02	7.21418275471457e+01	-8.36022991586600e-02	1
8	9	14	15	7.87084603742452e-03	1.00000000000000e+00	0.00000000000000e+00	0.00000000000000e+00	-1.20699207466576e+03	-5.40351176282066e-02	6.57332949846155e+01	-5.40351176282066e-02	1
9	10	15	16	1.15859557900739e-02	1.00000000000000e+00	0.00000000000000e+00	0.00000000000000e+00	-1.19997007663899e+03	-5.32018011718721e-02	6.45802234445674e+01	-5.32018011718721e-02	1
10	11	16	17	8.20682318351710e-03	1.00000000000000e+00	0.00000000000000e+00	0.00000000000000e+00	-1.29946931393252e+03	-4.88231517881925e-02	6.29235123289134e+01	-4.88231517881925e-02	1
11	12	17	18	9.63376129244327e-03	1.00000000000000e+00	0.00000000000000e+00	0.00000000000000e+00	-9.05750571522416e+02	-6.94601650137549e-02	6.35196786110921e+01	-6.94601650137549e-02	1
12	13	18	19	4.12780926936507e-03	1.00000000000000e+00	0.00000000000000e+00	0.00000000000000e+00	-1.05660940045274e+03	-6.08645608931324e-02	6.45755268855895e+01	-6.08645608931324e-02	1
13	14	19	20	8.22060159994489e-03	1.00000000000000e+00	0.00000000000000e+00	0.00000000000000e+00	-1.05219496993832e+03	-7.10953941578893e-02	7.54211682186249e+01	-7.10953941578893e-02	1
14	15	20	21	1.89679298265396e-02	1.00000000000000e+00	0.00000000000000e+00	0.00000000000000e+00	-1.45686545188746e+03	-5.62335920384254e-02	8.34787209065415e+01	-5.62335920384254e-02	1
1	2	8	9	2.45388116002878e-03	1.00000000000000e+00	0.00000000000000e+00	0.00000000000000e+00	-1.23304488959823e+03	-7.38775151523877e-02	9.08707579466792e+01	-7.38775151523877e-02	1
2	3	9	10	7.53736164357491e-03	1.00000000000000e+00	0.00000000000000e+00	0.00000000000000e+00	-2.49359899218069e+03	-3.74245901698914e-02	9.26185192676136e+01	-3.74245901698914e-02	1
3	4	10	11	8.89514429625519e-03	1.00000000000000e+00	0.00000000000000e+00	0.00000000000000e+00	-2.27137555020423e+03	-4.11242439326073e-02	9.25777191941747e+01	-4.11242439326073e-02	1
4	5	11	12	8.15810284965429e-03	1.00000000000000e+00	0.00000000000000e+00	0.00000000000000e+00	-1.60237044250289e+03	-5.98134638515850e-02	9.50614268241328e+01	-5.98134638515850e-02	1
5	6	12	13	7.71017094141024e-04	1.00000000000000e+00	0.00000000000000e+00	0.00000000000000e+00	-9.70578749071011e+02	-9.25552335646653e-02	8.97628806954558e+01	-9.25552335646653e-02	1
6	7	13	14	3.41151974816627e-03	1.00000000000000e+00	0.00000000000000e+00	0.00000000000000e+00	-1.99774402616220e+03	-3.61482305054653e-02	7.24612741454877e+01	-3.61482305054653e-02	1
7	8	14	15	2.76690799330019e-03	1.00000000000000e+00	0.00000000000000e+00	0.00000000000000e+00	-2.63554617994669e+03	-2.47577687344793e-02	6.54307842305623e+01	-2.47577687344793e-02	1
8	9	15	16	8.27183249036030e-03	1.00000000000000e+00	0.00000000000000e+00	0.00000000000000e+00	-1.85886881345816e+03	-3.41223920775453e-02	6.39537249540804e+01	-3.41223920775453e-02	1
9	10	16	17	1.30018918779225e-04	1.00000000000000e+00	0.00000000000000e+00	0.00000000000000e+00	-1.40921548811243e+03	-4.43821967420837e-02	6.25522109589309e+01	-4.43821967420837e-02	1
10	11	17	18	1.45353407715731e-02	1.00000000000000e+00	0.00000000000000e+00	0.00000000000000e+00	-1.34577560144325e+03	-4.62062686870247e-02	6.30871240384104e+01	-4.62062686870247e-02	1
11	12	18	19	2.64656833237950e-03	1.00000000000000e+00	0.00000000000000e+00	0.00000000000000e+00	-2.74511327308645e+03	-2.20260405389712e-02	6.03039541923112e+01	-2.20260405389712e-02	1
12	13	19	20	2.72016916658961e-02	1.00000000000000e+00	0.00000000000000e+00	0.00000000000000e+00	-1.98241218690284e+03	-3.13112518350696e-02	6.37602653863059e+01	-3.13112518350696e-02	1
13	14	20	21	6.25667347765010e-03	1.00000000000000e+00	0.00000000000000e+00	0.00000000000000e+00	-1.23533979628968e+03	-5.78537364806184e-02	7.19161813794828e+01	-5.78537364806184e-02	1
1	2	9	10	8.57157556416282e-03	1.00000000000000e+00	0.00000000000000e+00	0.00000000000000e+00	-2.02890362058211e+03	-4.43719810824666e-02	8.92548043539173e+01	-4.43719810824666e-02	1
2	3	10	11	1.07089249806112e-02	1.00000000000000e+00	0.00000000000000e+00	0.00000000000000e+00	-5.47957073625390e+03	-1.65233115042023e-02	8.95710611110777e+01	-1.65233115042023e-02	1
3	4	11	12	4.82472415243203e-03	1.00000000000000e+00	0.00000000000000e+00	0.00000000000000e+00	-3.34063086260287e+03	-2.67135502150426e-02	8.96706692135837e+01	-2.67135502150426e-02	1
4	5	12	13	2.23462785325856e-03	1.00000000000000e+00	0.00000000000000e+00	0.00000000000000e+00	-1.47573025836470e+03	-5.64629784452091e-02	8.31379273566972e+01	-5.64629784452091e-02	1
5	6	13	14	7.14000494092095e-03	1.00000000000000e+00	0.00000000000000e+00	0.00000000000000e+00	-1.39208296771363e+03	-5.08229019663999e-02	7.12548493776215e+01	-5.08229019663999e-02	1
6	7	14	15	4.73237624573550e-03	1.00000000000000e+00	0.00000000000000e+00	0.00000000000000e+00	-5.71711422841870e+03	-1.13995650585772e-02	6.54810369320867e+01	-1.13995650585772e-02	1
7	8	15	16	7.28289126568767e-04	1.00000000000000e+00	0.00000000000000e+00	0.00000000000000e+00	-3.84663995579480e+03	-1.67513335622893e-02	6.43894207012206e+01	-1.67513335622893e-02	1
8	9	16	17	8.46793718068406e-03	1.00000000000000e+00	0.00000000000000e+00	0.00000000000000e+00	-2.05146834478824e+03	-3.13495812193296e-02	6.37680778147550e+01	-3.13495812193296e-02	1
9	10	17	18	1.51484722468587e-02	1.00000000000000e+00	0.00000000000000e+00	0.00000000000000e+00	-1.35791479781758e+03	-4.72408149061318e-02	6.31772422512630e+01	-4.72408149061318e-02	1
10	11	18	19	4.46514952067019e-03	1.00000000000000e+00	0.00000000000000e+00	0.00000000000000e+00	-3.84798613173458e+03	-1.60432033752030e-02	6.14583724482755e+01	-1.60432033752030e-02	1
11	12	19	20	8.56398794323461e-03	1.00000000000000e+00	0.00000000000000e+00	0.00000000000000e+00	-4.87158083134452e+03	-1.22633280412541e-02	6.02534218161957e+01	-1.22633280412541e-02	1
12	13	20	21	2.14093744130195e-03	1.00000000000000e+00	0.00000000000000e+00	0.00000000000000e+00	-2.18466860485190e+03	-2.74997388160293e-02	6.02064388787432e+01	-2.74997388160293e-02	1
1	2	10	11	1.24573877871199e-02	1.00000000000000e+00	0.00000000000000e+00	0.00000000000000e+00	-4.28099798007440e+03	-2.02549067887765e-02	8.56310198179855e+01	-2.02549067887765e-02	1
2	3	11	12	1.73180925851187e-03	1.00000000000000e+00	0.00000000000000e+00	0.00000000000000e+00	-7.70593940925805e+03	-1.11239146871909e-02	8.58686636310247e+01	-1.11239146871909e-02	1
3	4	12	13	3.85317379728844e-03	1.00000000000000e+00	0.00000000000000e+00	0.00000000000000e+00	-2.92369585743538e+03	-2.61554631863060e-02	7.67652739539142e+01	-2.61554631863060e-02	1
4	5	13	14	8.83857436201131e-03	1.00000000000000e+00	0.00000000000000e+00	0.00000000000000e+00	-1.97564888750116e+03	-3.29577289108741e-02	6.45373952447150e+01	-3.29577289108741e-02	1
5	6	14	15	1.53725105945535e-03	1.00000000000000e+00	0.00000000000000e+00	0.00000000000000e+00	-3.79407326010903e+03	-1.69374999925639e-02	6.43609028205027e+01	-1.69374999925639e-02	1
6	7	15	16	5.82087184459920e-04	1.00000000000000e+00	0.00000000000000e+00	0.00000000000000e+00	-8.00623398718220e+03	-8.08676897403874e-03	6.47822515877604e+01	-8.08676897403874e-03	1
7	8	16	17	1.14297029783063e-02	1.00000000000000e+00	0.00000000000000e+00	0.00000000000000e+00	-4.06823350519930e+03	-1.62685145306245e-02	6.54276511067657e+01	-1.62685145306245e-02	1
8	9	17	18	3.57787360348292e-03	1.00000000000000e+00	0.00000000000000e+00	0.00000000000000e+00	-1.85936860711356e+03	-3.63657869956640e-02	6.78593292330183e+01	-3.63657869956640e-02	1
9	10	18	19	5.60784526368223e-03	1.00000000000000e+00	0.00000000000000e+00	0.00000000000000e+00	-3.68659826888174e+03	-1.76492744228701e-02	6.54306633860005e+01	-1.76492744228701e-02	1
10	11	19	20	1.08305124317527e-02	1.00000000000000e+00	0.00000000000000e+00	0.00000000000000e+00	-6.56348896710571e+03	-9.40126629143716e-03	6.23734055154257e+01	-9.40126629143716e-03	1
11	12	20	21	1.05380205203492e-02	1.00000000000000e+00	0.00000000000000e+00	0.00000000000000e+00	-5.14603947951418e+03	-1.14381985621674e-02	5.94817042417472e+01	-1.14381985621674e-02	1
1	2	11	12	1.37766936795710e-02	1.00000000000000e+00	0.00000000000000e+00	0.00000000000000e+00	-5.84581584972191e+03	-1.39575288986502e-02	8.04690599121418e+01	-1.39575288986502e-02	1
2	3	12	13	9.37825039915129e-03	1.00000000000000e+00	0.00000000000000e+00	0.00000000000000e+00	-6.48005855031108e+03	-1.12425039459201e-02	7.21688587374862e+01	-1.12425039459201e-02	1
3	4	13	14	5.15035267208659e-03	1.00000000000000e+00	0.00000000000000e+00	0.00000000000000e+00	-3.73652605693058e+03	-1.60483570704954e-02	6.02739458003293e+01	-1.60483570704954e-02	1
4	5	14	15	5.13785950912201e-03	1.00000000000000e+00	0.00000000000000e+00	0.00000000000000e+00	-5.15096393207761e+03	-1.15826187451134e-02	5.99681845780355e+01	-1.15826187451134e-02	1
5	6	15	16	5.15047686306053e-03	1.00000000000000e+00	0.00000000000000e+00	0.00000000000000e+00	-5.12004255400808e+03	-1.25124047045213e-02	6.43940049192779e+01	-1.25124047045213e-02	1
6	7	16	17	3.85273149065473e-02	1.00000000000000e+00	0.00000000000000e+00	0.00000000000000e+00	-8.20468959979074e+03	-8.14165634020094e-03	6.93733786081349e+01	-8.14165634020094e-03	1
7	8	17	18	5.70890510693166e-03	1.00000000000000e+00	0.00000000000000e+00	0.00000000000000e+00	-3.53262561953802e+03	-1.97889013026786e-02	7.03058708961294e+01	-1.97889013026786e-02	1
8	9	18	19	1.13556564018060e-02	1.00000000000000e+00	0.00000000000000e+00	0.00000000000000e+00	-4.82203543958683e+03	-1.43303347489659e-02	6.98860735717729e+01	-1.43303347489659e-02	1
9	10	19	20	9.54001763493207e-03	1.00000000000000e+00	0.00000000000000e+00	0.00000000000000e+00	-6.07567676709809e+03	-1.07649710481142e-02	6.60284444310019e+01	-1.07649710481142e-02	1
10	11	20	21	6.51391251305804e-03	1.00000000000000e+00	0.00000000000000e+00	0.00000000000000e+00	-6.72151631802947e+03	-9.11581138383614e-03	6.16711959043720e+01	-9.11581138383614e-03	1
1	2	12	13	3.15269244640351e-03	1.00000000000000e+00	0.00000000000000e+00	0.00000000000000e+00	-4.77977040877402e+03	-1.44472413053822e-02	6.88367888904414e+01	-1.44472413053822e-02	1
2	3	13	14	7.58969220493273e-03	1.00000000000000e+00	0.00000000000000e+00	0.00000000000000e+00	-8.01634029465956e+03	-7.16747528633111e-03	5.78930012938371e+01	-7.16747528633111e-03	1
3	4	14	15	7.72825214537580e-03	1.00000000000000e+00	0.00000000000000e+00	0.00000000000000e+00	-9.44144460069407e+03	-5.89800158245915e-03	5.52553024113620e+01	-5.89800158245915e-03	1
4	5	15	16	2.36818606740010e-03	1.00000000000000e+00	0.00000000000000e+00	0.00000000000000e+00	-6.75116767137440e+03	-8.85341607899743e-03	5.96293478096307e+01	-8.85341607899743e-03	1
5	6	16	17	4.85363547829103e-03	1.00000000000000e+00	0.00000000000000e+00	0.00000000000000e+00	-5.09392668586358e+03	-1.29933440058028e-02	6.58658935102642e+01	-1.29933440058028e-02	1
6	7	17	18	8.18741393863253e-04	1.00000000000000e+00	0.00000000000000e+00	0.00000000000000e+00	-6.91800493771595e+03	-1.01975045532736e-02	7.06041460990310e+01	-1.01975045532736e-02	1
7	8	18	19	2.31465856667351e-02	1.00000000000000e+00	0.00000000000000e+00	0.00000000000000e+00	-8.86389752995550e+03	-8.04658358675326e-03	7.29750015935600e+01	-8.04658358675326e-03	1
8	9	19	20	1.86726519259175e-02	1.00000000000000e+00	0.00000000000000e+00	0.00000000000000e+00	-7.72437283750823e+03	-8.99454619730971e-03	6.81799042307872e+01	-8.99454619730971e-03	1
9	10	20	21	6.86260190374517e-03	1.00000000000000e+00	0.00000000000000e+00	0.00000000000000e+00	-6.05005921236830e+03	-1.07685866488948e-02	6.55976894007434e+01	-1.07685866488948e-02	1
1	2	13	14	1.61271587118965e-02	1.00000000000000e+00	0.00000000000000e+00	0.00000000000000e+00	-5.76540322760738e+03	-9.53267536947968e-03	5.40733732585811e+01	-9.53267536947968e-03	1
2	3	14	15	4.71931865789426e-03	1.00000000000000e+00	0.00000000000000e+00	0.00000000000000e+00	-1.97619541765201e+04	-2.72929194503738e-03	5.36816005092367e+01	-2.72929194503738e-03	1
3	4	15	16	1.08895059696736e-02	1.00000000000000e+00	0.00000000000000e+00	0.00000000000000e+00	-1.21042780983775e+04	-4.64180909342664e-03	5.67975831862643e+01	-4.64180909342664e-03	1
4	5	16	17	6.42800190954647e-04	1.00000000000000e+00	0.00000000000000e+00	0.00000000000000e+00	-6.54381070158875e+03	-9.46733724548426e-03	6.19922858374564e+01	-9.46733724548426e-03	1
5	6	17	18	1.07774477792931e-02	1.00000000000000e+00	0.00000000000000e+00	0.00000000000000e+00	-4.17215960348233e+03	-1.67130172731060e-02	6.89778708158149e+01	-1.67130172731060e-02	1
6	7	18	19	7.15303709259970e-03	1.00000000000000e+00	0.00000000000000e+00	0.00000000000000e+00	-1.69602207857183e+04	-4.23304142933759e-03	7.12797769754634e+01	-4.23304142933759e-03	1
7	8	19	20	6.79597748934674e-03	1.00000000000000e+00	0.00000000000000e+00	0.00000000000000e+00	-1.38932511447859e+04	-5.15030635800655e-03	7.20407824736249e+01	-5.15030635800655e-03	1
8	9	20	21	7.30366631717145e-03	1.00000000000000e+00	0.00000000000000e+00	0.00000000000000e+00	-7.50901045257461e+03	-9.20964227324786e-03	6.86502128583387e+01	-9.20964227324786e-03	1
1	2	14	15	2.16458589581969e-03	1.00000000000000e+00	0.00000000000000e+00	0.00000000000000e+00	-1.39516719973209e+04	-3.74058626327464e-03	5.23003968034867e+01	-3.74058626327464e-03	1
2	3	15	16	4.55718399038081e-04	1.00000000000000e+00	0.00000000000000e+00	0.00000000000000e+00	-2.47633793838649e+04	-2.21057240599262e-03	5.47661897367857e+01	-2.21057240599262e-03	1
3	4	16	17	6.51600347605824e-03	1.00000000000000e+00	0.00000000000000e+00	0.00000000000000e+00	-1.15049644156315e+04	-5.09029678361307e-03	5.81820821961241e+01	-5.09029678361307e-03	1
4	5	17	18	2.14394408932533e-02	1.00000000000000e+00	0.00000000000000e+00	0.00000000000000e+00	-5.20691296196270e+03	-1.25546567574743e-02	6.67725228013901e+01	-1.25546567574743e-02	1
5	6	18	19	6.33919022318017e-03	1.00000000000000e+00	0.00000000000000e+00	0.00000000000000e+00	-9.99296742924924e+03	-7.07308642822695e-03	7.11291833809941e+01	-7.07308642822695e-03	1
6	7	19	20	2.02514258665761e-02	1.00000000000000e+00	0.00000000000000e+00	0.00000000000000e+00	-2.60902031973669e+04	-2.75474239052503e-03	7.04162825239318e+01	-2.75474239052503e-03	1
7	8	20	21	1.86454314769432e-03	1.00000000000000e+00	0.00000000000000e+00	0.00000000000000e+00	-1.32568897038423e+04	-5.36062649546338e-03	7.11977383893079e+01	-5.36062649546338e-03	1
1	2	15	16	6.61786464768388e-03	1.00000000000000e+00	0.00000000000000e+00	0.00000000000000e+00	-1.72153781276285e+04	-3.09386080799049e-03	5.29095030849200e+01	-3.09386080799049e-03	1
2	3	16	17	8.52433334796236e-03	1.00000000000000e+00	0.00000000000000e+00	0.00000000000000e+00	-2.31140465269428e+04	-2.47869343948394e-03	5.77810170095277e+01	-2.47869343948394e-03	1
3	4	17	18	7.92520738432706e-03	1.00000000000000e+00	0.00000000000000e+00	0.00000000000000e+00	-8.96043278297475e+03	-6.93035619907805e-03	6.16068435027988e+01	-6.93035619907805e-03	1
4	5	18	19	1.14736441466910e-03	1.00000000000000e+00	0.00000000000000e+00	0.00000000000000e+00	-1.21837933714334e+04	-5.42704752090937e-03	6.60461595524970e+01	-5.42704752090937e-03	1
5	6	19	20	5.04987278980457e-03	1.00000000000000e+00	0.00000000000000e+00	0.00000000000000e+00	-1.50969184419796e+04	-4.67551932239989e-03	7.09423838710353e+01	-4.67551932239989e-03	1
6	7	20	21	8.65755194170107e-03	1.00000000000000e+00	0.00000000000000e+00	0.00000000000000e+00	-2.45062861722582e+04	-2.90691574885821e-03	7.18544533879449e+01	-2.90691574885821e-03	1
1	2	16	17	1.20029640705577e-02	1.00000000000000e+00	0.00000000000000e+00	0.00000000000000e+00	-1.58608240729806e+04	-3.52834479657959e-03	5.52907407376487e+01	-3.52834479657959e-03	1
2	3	17	18	3.34501235840940e-03	1.00000000000000e+00	0.00000000000000e+00	0.00000000000000e+00	-1.76962332933402e+04	-3.44214573452364e-03	6.07092591633628e+01	-3.44214573452364e-03	1
3	4	18	19	4.74945311160953e-03	1.00000000000000e+00	0.00000000000000e+00	0.00000000000000e+00	-2.06051433411527e+04	-3.05175642587323e-03	6.25832240634334e+01	-3.05175642587323e-03	1
4	5	19	20	6.53329232573717e-03	1.00000000000000e+00	0.00000000000000e+00	0.00000000000000e+00	-1.81281035035437e+04	-3.63925486129205e-03	6.55417692864939e+01	-3.63925486129205e-03	1
5	6	20	21	1.76545424028109e-02	1.00000000000000e+00	0.00000000000000e+00	0.00000000000000e+00	-1.39635964400653e+04	-5.00101042743005e-03	7.10649450199111e+01	-5.00101042743005e-03	1
1	2	17	18	4.04981710960953e-03	1.00000000000000e+00	0.00000000000000e+00	0.00000000000000e+00	-1.19822445442912e+04	-4.98027850500647e-03	5.99165874372258e+01	-4.98027850500647e-03	1
2	3	18	19	1.26088395433505e-02	1.00000000000000e+00	0.00000000000000e+00	0.00000000000000e+00	-4.01205082230520e+04	-1.53838645382963e-03	6.09426181227306e+01	-1.53838645382963e-03	1
3	4	19	20	9.17861947054770e-03	1.00000000000000e+00	0.00000000000000e+00	0.00000000000000e+00	-3.02936846298839e+04	-2.07263338617940e-03	6.33640065797915e+01	-2.07263338617940e-03	1
4	5	20	21	2.12215619701264e-02	1.00000000000000e+00	0.00000000000000e+00	0.00000000000000e+00	-1.65434426808575e+04	-3.94371546471122e-03	6.66271812714059e+01	-3.94371546471122e-03	1
1	2	18	19	1.03246526055114e-02	1.00000000000000e+00	0.00000000000000e+00	0.00000000000000e+00	-2.68688373430893e+04	-2.25264682243400e-03	6.11509109979865e+01	-2.25264682243400e-03	1
2	3	19	20	1.51936996595401e-02	1.00000000000000e+00	0.00000000000000e+00	0.00000000000000e+00	-5.82362309547301e+04	-1.05850044814411e-03	6.07064901724052e+01	-1.05850044814411e-03	1
3	4	20	21	4.84234072866251e-03	1.00000000000000e+00	0.00000000000000e+00	0.00000000000000e+00	-2.73571837870297e+04	-2.27206518210694e-03	6.18563179145731e+01	-2.27206518210694e-03	1
1	2	19	20	1.26691114918662e-02	1.00000000000000e+00	0.00000000000000e+00	0.00000000000000e+00	-3.86600513243258e+04	-1.56448972782095e-03	6.12495222517899e+01	-1.56448972782095e-03	1
2	3	20	21	7.07669465618781e-03	1.00000000000000e+00	0.00000000000000e+00	0.00000000000000e+00	-5.20223236719378e+04	-1.17352079512769e-03	6.06172515359673e+01	-1.17352079512769e-03	1
1	2	20	21	4.43819428146223e-03	1.00000000000000e+00	0.00000000000000e+00	0.00000000000000e+00	-3.42741576084449e+04	-1.74889988812635e-03	6.02081049611337e+01	-1.74889988812635e-03	1
0
