0;-30.000000;0.000000;0.000000
1;-29.000000;0.576000;0.000000
2;-28.500000;0.693000;0.000000
3;-28.000000;0.611000;0.000000
4;-27.500000;0.682000;0.000000
5;-27.000000;0.716000;0.000000
6;-26.500000;0.963000;0.000000
7;-26.000000;1.147000;0.000000
8;-25.500000;1.613000;0.000000
9;-25.000000;1.536000;0.000000
10;-24.500000;1.486000;0.000000
11;-24.000000;1.020000;0.000000
12;-23.500000;1.157000;0.000000
13;-23.000000;0.867000;0.000000
14;-22.500000;0.448000;0.000000
15;-22.000000;0.373000;0.000000
16;-21.500000;0.432000;0.000000
17;-21.000000;0.648000;0.000000
18;-20.500000;0.970000;0.000000
19;-20.000000;1.177000;0.000000
20;-19.500000;1.314000;0.000000
21;-19.000000;1.539000;0.000000
22;-18.500000;1.326000;0.000000
23;-18.000000;1.247000;0.000000
24;-17.500000;1.056000;0.000000
25;-17.000000;0.845000;0.000000
26;-16.500000;0.763000;0.000000
27;-16.000000;0.401000;0.000000
28;-15.500000;0.516000;0.000000
29;-15.000000;0.657000;0.000000
30;-14.500000;0.641000;0.000000
31;-14.000000;1.111000;0.000000
32;-13.500000;1.166000;0.000000
33;-13.000000;1.280000;0.000000
34;-12.500000;1.678000;0.000000
35;-12.000000;1.608000;0.000000
36;-11.500000;1.365000;0.000000
37;-11.000000;0.924000;0.000000
38;-10.500000;0.601000;0.000000
39;-10.000000;0.654000;0.000000
40;-9.500000;0.477000;0.000000
41;-9.000000;0.393000;0.000000
42;-8.500000;0.697000;0.000000
43;-8.000000;0.741000;0.000000
44;-7.500000;1.337000;0.000000
45;-7.000000;1.280000;0.000000
46;-6.500000;1.553000;0.000000
47;-6.000000;1.405000;0.000000
48;-5.500000;1.362000;0.000000
49;-5.000000;1.161000;0.000000
50;-4.500000;0.769000;0.000000
51;-4.000000;0.861000;0.000000
52;-3.500000;0.642000;0.000000
53;-3.000000;0.681000;0.000000
54;-2.500000;0.757000;0.000000
55;-2.000000;0.831000;0.000000
56;-1.500000;1.204000;0.000000
57;-1.000000;1.106000;0.000000
58;-0.500000;1.317000;0.000000
59;0.000000;1.318000;0.000000
60;0.500000;1.369000;0.000000
61;1.000000;1.226000;0.000000
62;1.500000;0.944000;0.000000
63;2.000000;0.923000;0.000000
64;2.500000;0.542000;0.000000
65;3.000000;0.417000;0.000000
66;3.500000;0.549000;0.000000
67;4.000000;0.530000;0.000000
68;4.500000;1.015000;0.000000
69;5.000000;0.972000;0.000000
70;5.500000;1.549000;0.000000
71;6.000000;1.589000;0.000000
72;6.500000;1.368000;0.000000
73;7.000000;1.179000;0.000000
74;7.500000;1.300000;0.000000
75;8.000000;1.010000;0.000000
76;8.500000;0.791000;0.000000
77;9.000000;0.653000;0.000000
78;9.500000;0.331000;0.000000
79;10.000000;0.524000;0.000000
80;10.500000;0.609000;0.000000
81;11.000000;1.147000;0.000000
82;11.500000;1.291000;0.000000
83;12.000000;1.354000;0.000000
84;12.500000;1.324000;0.000000
85;13.000000;1.378000;0.000000
86;13.500000;1.228000;0.000000
87;14.000000;1.160000;0.000000
88;14.500000;0.878000;0.000000
89;15.000000;0.775000;0.000000
90;15.500000;0.500000;0.000000
91;16.000000;0.369000;0.000000
92;16.500000;0.734000;0.000000
93;17.000000;0.967000;0.000000
94;17.500000;1.134000;0.000000
95;18.000000;1.439000;0.000000
96;18.500000;1.467000;0.000000
97;19.000000;1.503000;0.000000
98;19.500000;1.369000;0.000000
99;20.000000;1.014000;0.000000
100;20.500000;0.803000;0.000000
101;21.000000;0.539000;0.000000
102;21.500000;0.614000;0.000000
103;22.000000;0.426000;0.000000
104;22.500000;0.567000;0.000000
105;23.000000;0.897000;0.000000
106;23.500000;0.869000;0.000000
107;24.000000;1.176000;0.000000
108;24.500000;1.505000;0.000000
109;25.000000;1.387000;0.000000
110;25.500000;1.297000;0.000000
111;26.000000;1.239000;0.000000
112;26.500000;0.966000;0.000000
113;27.000000;1.026000;0.000000
114;27.500000;0.766000;0.000000
115;28.000000;0.572000;0.000000
116;28.500000;0.661000;0.000000
117;30.000000;0.000000;0.000000
118;30.000000;-15.000000;0.000000
119;-30.000000;-15.000000;0.000000
120;-15.000000;0.557000;0.000000
121;-13.500000;1.066000;0.000000
122;-12.000000;1.508000;0.000000
123;-10.500000;0.501000;0.000000
124;-9.000000;0.293000;0.000000
125;-7.500000;1.237000;0.000000
126;-6.000000;1.305000;0.000000
127;-4.500000;0.669000;0.000000
128;-3.000000;0.581000;0.000000
129;-1.500000;1.104000;0.000000
130;0.000000;1.218000;0.000000
131;1.500000;0.844000;0.000000
132;3.000000;0.317000;0.000000
133;4.500000;0.915000;0.000000
134;6.000000;1.489000;0.000000
135;7.500000;1.200000;0.000000
136;9.000000;0.553000;0.000000
137;10.500000;0.509000;0.000000
138;12.000000;1.254000;0.000000
139;13.500000;1.128000;0.000000
140;15.000000;0.675000;0.000000
141;-7.750000;1.039000;0.000000
142;-1.750000;1.017500;0.000000
143;4.250000;0.772500;0.000000
144;9.250000;0.492000;0.000000
145;0.000000;-15.000000;0.000000
146;-7.625000;1.188000;0.000000
147;4.375000;0.893750;0.000000
148;-15.250000;0.586500;0.000000
149;-10.250000;0.627500;0.000000
150;-10.750000;0.762500;0.000000
151;-9.250000;0.435000;0.000000
152;-8.750000;0.545000;0.000000
153;-3.250000;0.661500;0.000000
154;-14.750000;0.649000;0.000000
155;-2.750000;0.719000;0.000000
156;-4.250000;0.815000;0.000000
157;-7.562500;1.262500;0.000000
158;-7.554635;1.192435;0.000000
159;-7.582927;1.080894;0.000000
160;-7.458079;1.129834;0.000000
161;-4.750000;0.965000;0.000000
162;-13.750000;1.138500;0.000000
163;-13.250000;1.223000;0.000000
164;-7.250000;1.308500;0.000000
165;-1.250000;1.155000;0.000000
166;-11.750000;1.486500;0.000000
167;-12.250000;1.643000;0.000000
168;-5.750000;1.383500;0.000000
169;-6.250000;1.479000;0.000000
170;2.750000;0.479500;0.000000
171;3.250000;0.483000;0.000000
172;10.250000;0.566500;0.000000
173;-1.625000;1.110750;0.000000
174;1.750000;0.933500;0.000000
175;1.250000;1.085000;0.000000
176;9.125000;0.572500;0.000000
177;8.750000;0.722000;0.000000
178;10.750000;0.878000;0.000000
179;15.250000;0.637500;0.000000
180;14.750000;0.826500;0.000000
181;4.750000;0.993500;0.000000
182;7.750000;1.155000;0.000000
183;7.250000;1.239500;0.000000
184;5.750000;1.569000;0.000000
185;0.250000;1.343500;0.000000
186;6.250000;1.478500;0.000000
187;11.750000;1.322500;0.000000
188;12.250000;1.339000;0.000000
189;-0.250000;1.317500;0.000000
190;13.750000;1.194000;0.000000
191;13.250000;1.303000;0.000000
192;-15.125000;0.621750;0.000000
193;-10.375000;0.614250;0.000000
194;-10.625000;0.681750;0.000000
195;-9.125000;0.414000;0.000000
196;-8.875000;0.469000;0.000000
197;-3.125000;0.671250;0.000000
198;-14.875000;0.653000;0.000000
199;-2.875000;0.700000;0.000000
200;-4.375000;0.792000;0.000000
201;-13.625000;1.152250;0.000000
202;-13.375000;1.194500;0.000000
203;-7.375000;1.322750;0.000000
204;-1.375000;1.179500;0.000000
205;-11.875000;1.547250;0.000000
206;-12.125000;1.625500;0.000000
207;-5.875000;1.394250;0.000000
208;-6.150752;1.355000;0.000000
209;2.875000;0.448250;0.000000
210;3.125000;0.450000;0.000000
211;10.375000;0.587750;0.000000
212;1.625000;0.938750;0.000000
213;1.344635;0.894000;0.000000
214;8.851678;0.603000;0.000000
215;15.125000;0.706250;0.000000
216;14.875000;0.800750;0.000000
217;4.625000;1.004250;0.000000
218;7.625000;1.227500;0.000000
219;7.375000;1.269750;0.000000
220;5.875000;1.579000;0.000000
221;0.125000;1.330750;0.000000
222;6.125000;1.533750;0.000000
223;11.875000;1.338250;0.000000
224;12.125000;1.346500;0.000000
225;-0.125000;1.317750;0.000000
226;13.625000;1.211000;0.000000
227;13.348750;1.178000;0.000000
228;-13.422851;1.116000;0.000000
229;2.921094;0.367000;0.000000
230;3.080056;0.367000;0.000000
231;14.924548;0.725000;0.000000
232;-13.383743;0.971137;0.000000
233;-13.284383;1.085429;0.000000
234;2.781975;0.341777;0.000000
235;3.219539;0.345139;0.000000
236;14.786827;0.688997;0.000000
237;2.882864;0.219407;0.000000
238;3.117711;0.217621;0.000000
239;14.887152;0.586638;0.000000
240;-7.394119;1.216637;0.000000
241;-7.291238;1.073864;0.000000
242;4.470515;0.710168;0.000000
243;-1.572987;0.913168;0.000000
244;9.090705;0.381947;0.000000
245;-15.140744;0.438324;0.000000
246;-10.291914;0.426668;0.000000
247;-9.220127;0.230293;0.000000
248;-3.172479;0.473799;0.000000
249;-14.818715;0.456793;0.000000
250;-2.782981;0.515293;0.000000
251;-4.276766;0.609293;0.000000
252;-13.666873;0.957859;0.000000
253;-1.346898;0.991748;0.000000
254;-11.886387;1.364844;0.000000
255;-12.214689;1.440043;0.000000
256;-5.828950;1.197594;0.000000
257;10.342911;0.398234;0.000000
258;1.679343;0.741918;0.000000
259;15.104785;0.521484;0.000000
260;4.671050;0.807594;0.000000
261;7.600464;1.041188;0.000000
262;7.353646;1.084599;0.000000
263;5.827880;1.381750;0.000000
264;0.207309;1.142918;0.000000
265;6.119476;1.352224;0.000000
266;11.835823;1.145269;0.000000
267;12.175848;1.148543;0.000000
268;-0.187112;1.123418;0.000000
269;13.662525;1.018860;0.000000
270;-13.092886;1.110651;0.000000
271;2.589742;0.369719;0.000000
272;3.412263;0.374852;0.000000
273;14.596022;0.711578;0.000000
274;-7.444466;0.911393;0.000000
275;14.677959;0.481946;0.000000
276;-4.625000;0.867000;0.000000
277;10.655365;0.559000;0.000000
278;-10.620882;0.551000;0.000000
279;-10.758574;0.612103;0.000000
280;-10.638124;0.338191;0.000000
281;-8.883996;0.343000;0.000000
282;-8.745265;0.396416;0.000000
283;-8.864315;0.137770;0.000000
284;-6.393029;1.262803;0.000000
285;8.615954;0.504527;0.000000
286;13.105168;1.087077;0.000000
287;8.854456;0.366245;0.000000
288;-13.523171;0.918933;0.000000
289;1.344635;0.627616;0.000000
290;-13.159453;0.876485;0.000000
291;2.653492;0.133073;0.000000
292;3.350401;0.136225;0.000000
293;-7.627213;0.903415;0.000000
294;-4.640116;0.719000;0.000000
295;10.625000;0.743500;0.000000
296;10.655365;0.292616;0.000000
297;-10.967877;0.699478;0.000000
298;-10.746306;0.454059;0.000000
299;-8.537690;0.477398;0.000000
300;-8.768729;0.250495;0.000000
301;-8.641386;0.045625;0.000000
302;-8.586522;0.296043;0.000000
303;-6.153059;1.095783;0.000000
304;13.346692;0.918010;0.000000
305;-13.655500;0.715133;0.000000
306;-13.372350;0.728411;0.000000
307;-4.772710;0.807314;0.000000
308;-10.919877;0.520084;0.000000
309;-4.647741;0.476308;0.000000
310;-4.988049;0.918805;0.000000
311;-10.872234;0.228047;0.000000
312;-4.813107;0.602969;0.000000
313;-1.769256;0.782502;0.000000
314;9.284760;0.271376;0.000000
315;-15.335012;0.409450;0.000000
316;-10.109377;0.493362;0.000000
317;-9.399761;0.308612;0.000000
318;-3.363534;0.504752;0.000000
319;-14.629716;0.497612;0.000000
320;-14.976198;0.385975;0.000000
321;-15.139803;0.156501;0.000000
322;-14.787429;0.176710;0.000000
323;-2.602597;0.590612;0.000000
324;-2.959508;0.323496;0.000000
325;-4.097881;0.690612;0.000000
326;-13.858958;0.978913;0.000000
327;-1.153105;0.987105;0.000000
328;-11.693161;1.285500;0.000000
329;-12.064875;1.339852;0.000000
330;-12.395634;1.513112;0.000000
331;-5.637616;1.226056;0.000000
332;10.149486;0.401215;0.000000
333;1.868810;0.780862;0.000000
334;15.297928;0.428620;0.000000
335;4.862384;0.836056;0.000000
336;7.793737;0.942392;0.000000
337;7.159473;1.066801;0.000000
338;5.636754;1.412079;0.000000
339;0.390034;1.208862;0.000000
340;6.312941;1.282846;0.000000
341;11.643309;1.161440;0.000000
342;12.366157;1.184112;0.000000
343;12.006617;1.065694;0.000000
344;0.019279;0.947488;0.000000
345;-0.374705;1.169862;0.000000
346;13.855280;1.032002;0.000000
347;-12.783333;1.051012;0.000000
348;3.726698;0.325613;0.000000
349;-9.064045;0.100104;0.000000
350;-7.875000;0.890000;0.000000
351;-7.523444;0.623479;0.000000
352;10.826183;0.681862;0.000000
353;-8.280342;0.310854;0.000000
354;-4.946427;0.735491;0.000000
355;-15.583048;0.206391;0.000000
356;-9.750000;0.565500;0.000000
357;-10.097026;0.176415;0.000000
358;-14.342083;0.367771;0.000000
359;-14.692236;0.329132;0.000000
360;-2.292789;0.514406;0.000000
361;-3.316096;0.192442;0.000000
362;-3.750000;0.751500;0.000000
363;-14.250000;0.876000;0.000000
364;-1.257215;0.688339;0.000000
365;-11.222594;0.535206;0.000000
366;-11.250000;1.144500;0.000000
367;-11.936801;1.075039;0.000000
368;-12.750000;1.479000;0.000000
369;-5.357597;1.080221;0.000000
370;9.883977;0.230358;0.000000
371;1.834582;0.467025;0.000000
372;2.250000;0.732500;0.000000
373;4.810936;0.524557;0.000000
374;7.284212;0.774021;0.000000
375;5.250000;1.260500;0.000000
376;0.693816;1.118081;0.000000
377;6.538771;1.034798;0.000000
378;11.370363;1.003567;0.000000
379;12.650416;1.046110;0.000000
380;-0.750000;1.211500;0.000000
381;-0.353066;0.855184;0.000000
382;13.779321;0.725956;0.000000
383;14.250000;1.019000;0.000000
384;-12.295445;1.157188;0.000000
385;-8.905660;-0.191375;0.000000
386;-9.431624;-0.009637;0.000000
387;-7.764624;0.670470;0.000000
388;-4.927211;0.282717;0.000000
389;-9.920188;0.482101;0.000000
390;-14.503022;0.105023;0.000000
391;-14.518489;0.360498;0.000000
392;-14.435719;0.495903;0.000000
393;-14.189829;0.577315;0.000000
394;-14.359291;0.616549;0.000000
395;-14.375000;0.758500;0.000000
396;-14.301720;0.495547;0.000000
397;-14.250600;0.700422;0.000000
398;-14.123381;0.368950;0.000000
399;-14.028950;0.733286;0.000000
400;-2.575769;0.272699;0.000000
401;-3.645004;0.361355;0.000000
402;-3.920621;0.702092;0.000000
403;-0.891831;0.808679;0.000000
404;-12.625000;1.578500;0.000000
405;-12.560621;1.369354;0.000000
406;-5.689064;0.914557;0.000000
407;-5.252045;0.762482;0.000000
408;10.241568;0.099208;0.000000
409;2.277206;0.316431;0.000000
410;2.057120;0.738668;0.000000
411;5.142403;0.690221;0.000000
412;5.375000;1.404750;0.000000
413;0.401125;0.891999;0.000000
414;6.905418;0.875135;0.000000
415;6.108418;1.016957;0.000000
416;11.797588;0.840127;0.000000
417;12.326264;0.870653;0.000000
418;-0.568931;1.131386;0.000000
419;14.289448;0.645605;0.000000
420;14.050391;0.957214;0.000000
421;-12.364418;1.329836;0.000000
422;-9.246336;0.040214;0.000000
423;-5.043431;0.504579;0.000000
424;-10.023696;0.337987;0.000000
425;-9.711498;0.237069;0.000000
426;-14.125000;0.993500;0.000000
427;-4.060982;0.372026;0.000000
428;-3.779579;0.534339;0.000000
429;1.930603;0.615337;0.000000
430;1.771850;0.612879;0.000000
431;2.066281;0.422256;0.000000
432;1.556020;0.555831;0.000000
433;2.087250;0.581202;0.000000
434;1.688691;0.490695;0.000000
435;1.521155;0.317138;0.000000
436;1.729903;0.283272;0.000000
437;2.228144;0.481758;0.000000
438;2.380649;0.437072;0.000000
439;2.444651;0.277526;0.000000
440;2.375000;0.637250;0.000000
441;2.300483;0.036827;0.000000
442;5.512860;1.159003;0.000000
443;11.727015;1.003937;0.000000
444;12.162454;0.961640;0.000000
445;-0.742995;0.982655;0.000000
446;14.200680;0.825008;0.000000
447;-12.497358;1.176624;0.000000
448;-9.261528;-0.272585;0.000000
449;-9.097108;-0.106633;0.000000
450;-10.181063;0.311983;0.000000
451;-10.414670;0.197101;0.000000
452;-10.256864;0.171164;0.000000
453;-10.376064;-0.061044;0.000000
454;-10.170585;-0.019824;0.000000
455;-9.772649;0.396373;0.000000
456;-9.874605;0.265846;0.000000
457;-9.615246;0.365406;0.000000
458;-9.837761;-0.001955;0.000000
459;-9.541101;0.209535;0.000000
460;-9.653708;0.053681;0.000000
461;-9.391947;0.147110;0.000000
462;-3.999165;0.540616;0.000000
463;5.704564;1.222018;0.000000
464;11.548683;1.010155;0.000000
465;11.989740;0.871699;0.000000
466;13.997132;0.745145;0.000000
467;-12.687418;1.220986;0.000000
468;-12.426598;0.853202;0.000000
469;-9.068122;-0.299779;0.000000
470;-10.209283;-0.359678;0.000000
471;-9.659295;-0.260091;0.000000
472;-4.155900;0.502459;0.000000
473;-4.382317;0.368093;0.000000
474;-4.221465;0.354992;0.000000
475;-4.322244;0.111634;0.000000
476;-4.120763;0.170743;0.000000
477;-3.893127;0.406106;0.000000
478;-3.944324;0.227860;0.000000
479;5.706615;0.892669;0.000000
480;5.933523;1.172725;0.000000
481;11.469759;0.729814;0.000000
482;11.632941;0.866300;0.000000
483;11.681719;0.642188;0.000000
484;12.157657;0.760050;0.000000
485;-8.818468;-0.497986;0.000000
486;-4.129668;-0.171843;0.000000
487;11.930915;0.629197;0.000000
488;12.413799;0.553394;0.000000
489;-9.207075;-0.586668;0.000000
490;-3.966512;-0.004675;0.000000
491;4.287454;0.483772;0.000000
492;14.912386;0.274868;0.000000
493;2.997512;-0.146357;0.000000
494;9.015942;0.025167;0.000000
495;15.509865;0.150360;0.000000
496;8.001909;0.655735;0.000000
497;-7.115429;0.754564;0.000000
498;10.880759;0.425808;0.000000
499;11.025868;0.872288;0.000000
500;-8.250000;0.719000;0.000000
501;-1.950818;0.491832;0.000000
502;-1.531209;0.637679;0.000000
503;-11.200613;0.780738;0.000000
504;9.485016;-0.033221;0.000000
505;7.574249;0.751457;0.000000
506;1.000569;0.842471;0.000000
507;-7.969518;0.414706;0.000000
508;-14.231390;0.119306;0.000000
509;-13.985637;0.527654;0.000000
510;-13.807937;0.234296;0.000000
511;-13.845121;0.664629;0.000000
512;-13.776603;0.453776;0.000000
513;1.921659;0.295727;0.000000
514;1.845133;-0.008422;0.000000
515;2.103651;0.233626;0.000000
516;1.964403;0.123270;0.000000
517;2.084707;-0.105543;0.000000
518;2.126110;0.062258;0.000000
519;-0.612844;0.720658;0.000000
520;-0.545244;0.927443;0.000000
521;13.918039;0.397146;0.000000
522;5.904614;0.964196;0.000000
523;-3.788368;-0.341746;0.000000
524;-3.702268;0.087437;0.000000
525;15.121892;0.309779;0.000000
526;3.171478;-0.001971;0.000000
527;2.833368;0.003042;0.000000
528;11.786134;0.248527;0.000000
529;-11.506297;1.105887;0.000000
530;-7.691740;0.402129;0.000000
531;-13.451273;0.295353;0.000000
532;1.586219;0.057905;0.000000
533;5.916744;0.620811;0.000000
534;15.075537;-0.029929;0.000000
535;15.311322;0.218980;0.000000
536;15.333560;-0.038215;0.000000
537;3.308821;-0.344447;0.000000
538;2.553301;-0.194953;0.000000
539;11.444520;0.368595;0.000000
540;-11.593076;0.692124;0.000000
541;6.056459;0.797653;0.000000
542;3.397753;-0.110006;0.000000
543;2.780764;-0.219625;0.000000
544;6.261354;0.492162;0.000000
545;6.330951;0.848426;0.000000
546;2.628701;-0.560688;0.000000
547;2.994516;-0.494729;0.000000
548;-8.425014;0.129438;0.000000
549;-8.402983;-0.248636;0.000000
550;-8.070822;-0.004625;0.000000
551;-14.031310;-0.699924;0.000000
552;-5.330019;0.213083;0.000000
553;5.290088;0.973193;0.000000
554;-10.653323;0.066624;0.000000
555;-4.614402;0.178464;0.000000
556;12.963259;0.627298;0.000000
557;12.157721;0.498064;0.000000
558;4.552922;0.456326;0.000000
559;4.083637;0.133241;0.000000
560;8.520362;0.064837;0.000000
561;-6.532535;0.806462;0.000000
562;11.090695;0.604398;0.000000
563;-1.315505;0.237316;0.000000
564;-0.273948;0.384316;0.000000
565;-7.263691;0.251330;0.000000
566;-13.035847;0.471679;0.000000
567;1.150928;0.086434;0.000000
568;17.033479;-0.517560;0.000000
569;2.307801;-0.208964;0.000000
570;2.035573;-0.503864;0.000000
571;2.442336;-0.408470;0.000000
572;2.310288;-0.760334;0.000000
573;10.974997;0.009027;0.000000
574;3.623983;0.061169;0.000000
575;6.624294;0.730379;0.000000
576;-7.841789;0.161947;0.000000
577;-13.952841;-0.176254;0.000000
578;12.371725;0.127873;0.000000
579;4.391128;0.188970;0.000000
580;7.394173;0.312121;0.000000
581;11.154474;0.316738;0.000000
582;-0.880739;0.357693;0.000000
583;-11.013574;-0.192776;0.000000
584;7.024452;-2.252168;0.000000
585;1.873814;-0.281720;0.000000
586;3.717528;-0.365396;0.000000
587;-7.697510;-0.277177;0.000000
588;-7.542761;0.142096;0.000000
589;4.774748;0.139451;0.000000
590;11.362714;-0.010918;0.000000
591;1.609558;-0.644110;0.000000
592;-6.750000;1.416500;0.000000
593;-6.728705;1.080311;0.000000
594;-9.942405;-0.265063;0.000000
595;-9.928844;-0.727007;0.000000
596;-9.796822;-0.491960;0.000000
597;-9.542143;-0.789611;0.000000
598;-9.510714;-0.504938;0.000000
599;8.299858;0.543286;0.000000
600;-2.150933;0.061822;0.000000
601;14.473444;0.014189;0.000000
602;5.518322;0.529993;0.000000
603;-4.932781;-0.255407;0.000000
604;6.958189;0.427293;0.000000
605;-10.637752;-0.403080;0.000000
606;4.323968;-0.316629;0.000000
607;3.385155;-0.907909;0.000000
608;-7.245696;-0.205742;0.000000
609;7.976178;0.136599;0.000000
610;-4.528906;-0.235909;0.000000
611;-2.934189;-0.296046;0.000000
612;9.912124;-0.245976;0.000000
613;-3.418741;-0.192670;0.000000
614;13.407693;0.375507;0.000000
615;0.152167;0.520375;0.000000
616;0.993402;0.448076;0.000000
617;-9.631830;-1.380618;0.000000
618;-11.651630;0.038064;0.000000
619;-8.054764;-0.374567;0.000000
620;5.130145;0.300308;0.000000
621;1.928048;-0.894402;0.000000
622;-10.044375;-1.374980;0.000000
623;5.889174;0.021082;0.000000
624;2.893439;-0.981546;0.000000
625;-4.700551;-0.873141;0.000000
626;15.714693;-0.217845;0.000000
627;-3.371942;-0.841480;0.000000
628;0.682979;0.650979;0.000000
629;0.533990;0.032833;0.000000
630;-14.346863;-0.274703;0.000000
631;-13.066664;-0.900500;0.000000
632;-8.386380;-0.747131;0.000000
633;5.202363;-0.332284;0.000000
634;2.327464;-1.421238;0.000000
635;-4.184668;-0.710080;0.000000
636;-10.766145;-0.759709;0.000000
637;-8.883300;-1.109677;0.000000
638;-7.724826;-0.880921;0.000000
639;1.379935;-1.264079;0.000000
640;-9.214280;-0.952851;0.000000
641;-14.756602;-0.301005;0.000000
642;-16.093879;-0.344104;0.000000
643;-11.143792;-0.792131;0.000000
644;-10.366234;-1.116848;0.000000
645;-10.606352;-1.745972;0.000000
646;-6.077882;0.603660;0.000000
647;10.588800;-0.104332;0.000000
648;10.869710;-0.346812;0.000000
649;10.352526;-0.662010;0.000000
650;12.828419;-0.333531;0.000000
651;16.413391;-0.194755;0.000000
652;16.444158;-0.892630;0.000000
653;12.726555;0.307630;0.000000
654;14.057630;-0.593761;0.000000
655;11.941275;-0.479903;0.000000
656;1.344081;-0.301540;0.000000
657;-1.728430;0.126770;0.000000
658;15.790489;-1.138990;0.000000
659;-15.000000;-15.000000;0.000000
660;-2.524321;-0.157033;0.000000
661;-13.055552;-0.059433;0.000000
662;-11.259736;0.124049;0.000000
663;-11.387583;-0.229326;0.000000
664;-9.783572;-1.055282;0.000000
665;-11.935038;-0.505870;0.000000
666;5.496293;0.124362;0.000000
667;5.603311;-0.267443;0.000000
668;6.194511;-0.567313;0.000000
669;5.503578;-0.922799;0.000000
670;0.064809;0.058674;0.000000
671;3.253703;-1.708685;0.000000
672;-7.416117;-0.592398;0.000000
673;-13.548180;-0.210819;0.000000
674;-6.574129;0.102181;0.000000
675;9.368023;-0.803177;0.000000
676;0.873176;-0.293911;0.000000
677;11.809813;-1.390469;0.000000
678;-2.513277;-0.863332;0.000000
679;6.997244;-0.307662;0.000000
680;-0.550433;-0.242324;0.000000
681;-7.122206;-1.216286;0.000000
682;9.203149;-0.384258;0.000000
683;0.264589;-0.586250;0.000000
684;1.101074;-0.764012;0.000000
685;8.004360;-2.944350;0.000000
686;-1.838775;-0.562128;0.000000
687;-0.989909;-0.093329;0.000000
688;-6.744892;-0.657361;0.000000
689;8.736525;-0.350106;0.000000
690;-2.168104;-0.336829;0.000000
691;-2.178991;-0.706090;0.000000
692;-2.474133;-0.512597;0.000000
693;-2.820505;-0.651492;0.000000
694;-2.101833;-1.304075;0.000000
695;-3.159133;-0.563894;0.000000
696;-3.055956;-0.863360;0.000000
697;-3.497990;-0.524480;0.000000
698;-3.247943;-1.343353;0.000000
699;-3.816615;-0.708717;0.000000
700;-1.866843;-0.969784;0.000000
701;-3.998523;-1.281227;0.000000
702;-1.464964;-1.502022;0.000000
703;-1.219453;-0.809565;0.000000
704;-1.421615;-0.192808;0.000000
705;8.943400;-0.728391;0.000000
706;8.185768;-0.373243;0.000000
707;-0.889687;-0.520349;0.000000
708;14.827099;-1.074942;0.000000
709;8.476946;-0.737775;0.000000
710;-0.605229;-1.177300;0.000000
711;8.717850;-1.114672;0.000000
712;7.765002;-1.007899;0.000000
713;-0.444462;-0.717628;0.000000
714;8.230265;-1.160886;0.000000
715;-0.001248;-1.130589;0.000000
716;-0.136701;-0.399546;0.000000
717;14.749976;-0.342442;0.000000
718;7.773141;-1.767119;0.000000
719;-22.366524;-0.366327;0.000000
720;-28.377400;-0.124827;0.000000
721;-25.964127;0.278173;0.000000
722;-23.575343;0.451064;0.000000
723;-25.346608;0.947176;0.000000
724;-18.372739;0.509673;0.000000
725;-18.994464;0.858642;0.000000
726;21.366524;-0.200327;0.000000
727;28.388275;-0.160327;0.000000
728;26.843219;0.219173;0.000000
729;23.206498;0.106173;0.000000
730;18.293502;0.676173;0.000000
731;24.599684;0.809066;0.000000
732;-12.431192;0.183325;0.000000
733;-9.414318;-1.809210;0.000000
734;-16.877400;0.027173;0.000000
735;15.191673;-0.434950;0.000000
736;18.479158;-1.140137;0.000000
737;-2.784597;-1.250290;0.000000
738;-2.871681;-2.016701;0.000000
739;7.592687;-0.319051;0.000000
740;0.676669;-1.328466;0.000000
741;9.624322;-2.856499;0.000000
742;-20.914411;-0.236827;0.000000
743;-21.673052;-0.249602;0.000000
744;-27.197176;-0.077827;0.000000
745;-28.660232;0.250876;0.000000
746;-30.000000;-7.500000;0.000000
747;-30.000000;-3.750000;0.000000
748;-28.840189;-0.178907;0.000000
749;-30.000000;-1.875000;0.000000
750;-26.527612;0.389322;0.000000
751;-24.798976;1.021242;0.000000
752;-17.908088;0.737658;0.000000
753;-19.599291;0.695467;0.000000
754;20.339835;-0.105827;0.000000
755;27.519451;0.074802;0.000000
756;25.825852;0.325673;0.000000
757;22.463569;-0.260835;0.000000
758;19.062057;0.734721;0.000000
759;17.509460;0.273673;0.000000
760;25.161050;0.847835;0.000000
761;24.034580;0.559014;0.000000
762;13.960936;-1.604217;0.000000
763;-27.682212;0.169122;0.000000
764;-26.409129;-0.493916;0.000000
765;-24.957719;0.133378;0.000000
766;-17.786203;-0.098242;0.000000
767;-17.424093;0.537956;0.000000
768;-20.092336;0.692670;0.000000
769;-20.536692;0.477776;0.000000
770;-19.841468;-0.071954;0.000000
771;-20.897500;0.211362;0.000000
772;-20.152188;0.249567;0.000000
773;-21.297861;0.002054;0.000000
774;-20.516787;0.073287;0.000000
775;-20.203029;-0.110467;0.000000
776;-20.533587;-0.315143;0.000000
777;-19.962412;-0.652952;0.000000
778;-20.845674;-0.867654;0.000000
779;-19.754866;0.322639;0.000000
780;-19.185105;-0.009207;0.000000
781;-19.345388;0.370644;0.000000
782;-18.847194;0.357121;0.000000
783;-21.290857;-0.413900;0.000000
784;-21.737217;-0.925550;0.000000
785;-18.501384;-0.300877;0.000000
786;20.041834;0.415217;0.000000
787;25.698408;0.823239;0.000000
788;18.777835;1.098409;0.000000
789;16.958642;0.402770;0.000000
790;24.940601;-0.043720;0.000000
791;-27.767501;-0.598201;0.000000
792;26.139031;0.670994;0.000000
793;26.325605;0.187111;0.000000
794;26.540637;0.547933;0.000000
795;26.946406;0.617768;0.000000
796;27.221253;0.333962;0.000000
797;27.136026;-0.065241;0.000000
798;26.616050;-0.307631;0.000000
799;30.000000;-7.500000;0.000000
800;13.377397;-0.773643;0.000000
801;25.894053;-0.398864;0.000000
802;4.070077;-0.954458;0.000000
803;-8.163189;-1.346008;0.000000
804;-10.753364;-2.868038;0.000000
805;6.466707;-0.052640;0.000000
806;-5.934990;-0.034016;0.000000
807;-6.065172;-1.523039;0.000000
808;11.385523;-0.574141;0.000000
809;-14.510868;-0.924446;0.000000
810;-19.141168;-0.853422;0.000000
811;-2.020080;-2.164539;0.000000
812;7.286391;-0.761647;0.000000
813;6.715196;-0.806374;0.000000
814;7.264247;-1.392921;0.000000
815;6.155053;-1.339822;0.000000
816;-0.230666;-2.092322;0.000000
817;9.347445;-1.594514;0.000000
818;17.788966;-2.812997;0.000000
819;19.381312;-0.308295;0.000000
820;8.543713;-1.872699;0.000000
821;4.786340;-0.916573;0.000000
822;-9.846863;-2.018751;0.000000
823;-12.271632;-2.431066;0.000000
824;-5.552901;-0.841052;0.000000
825;10.407945;-2.490663;0.000000
826;-10.910898;-1.289238;0.000000
827;-7.870996;-2.322948;0.000000
828;15.000000;-15.000000;0.000000
829;1.128337;-2.388905;0.000000
830;17.197869;-1.426367;0.000000
831;-10.389503;-0.717173;0.000000
832;-12.350145;-1.738921;0.000000
833;10.534111;-3.738676;0.000000
834;-11.288377;-1.870840;0.000000
835;-15.921259;-1.423304;0.000000
836;11.033220;-1.893225;0.000000
837;-23.039119;-0.058469;0.000000
838;29.250000;0.330500;0.000000
839;-3.682470;-2.027963;0.000000
840;6.421018;-3.284310;0.000000
841;-28.524773;-0.870882;0.000000
842;-24.283379;0.365533;0.000000
843;-9.211038;-1.373688;0.000000
844;23.405236;-1.231587;0.000000
845;-27.069555;-0.790422;0.000000
846;27.545318;-0.590930;0.000000
847;-4.949171;-2.108730;0.000000
848;18.726817;0.061740;0.000000
849;4.487068;-2.048341;0.000000
850;12.583656;-2.533631;0.000000
851;-11.799678;-1.402521;0.000000
852;-21.201495;-2.281753;0.000000
853;-23.181127;-1.257379;0.000000
854;-3.259578;-3.282018;0.000000
855;-30.000000;-0.937500;0.000000
856;-23.836469;-0.360663;0.000000
857;-27.717173;-1.778679;0.000000
858;12.621797;-1.153704;0.000000
859;5.380101;-1.833075;0.000000
860;3.840010;-5.285897;0.000000
861;11.801860;-2.229353;0.000000
862;30.000000;-3.750000;0.000000
863;26.396795;-1.474983;0.000000
864;-29.267473;-0.791546;0.000000
865;-26.278674;-1.668242;0.000000
866;30.000000;-1.875000;0.000000
867;-28.995825;-1.764567;0.000000
868;30.000000;-0.937500;0.000000
869;-25.558163;-0.470095;0.000000
870;24.034212;-0.423865;0.000000
871;-1.116102;-2.358151;0.000000
872;-8.678134;-1.699796;0.000000
873;-12.411462;-1.096722;0.000000
874;2.419187;-2.761710;0.000000
875;21.111781;-2.719891;0.000000
876;-12.553038;-0.427582;0.000000
877;-10.027838;-2.734012;0.000000
878;-2.569292;-2.801517;0.000000
879;13.685223;-0.140937;0.000000
880;5.093083;-4.394045;0.000000
881;16.500082;-2.031386;0.000000
882;5.268034;-3.328173;0.000000
883;6.136532;-2.166114;0.000000
884;5.496802;-2.593572;0.000000
885;4.752347;-2.764658;0.000000
886;10.899623;-0.977795;0.000000
887;3.623370;-2.775481;0.000000
888;4.197637;-3.790004;0.000000
889;5.912675;-5.097580;0.000000
890;13.127127;-3.857633;0.000000
891;28.372284;-1.169421;0.000000
892;-24.676228;-0.747152;0.000000
893;24.977452;-1.402218;0.000000
894;-0.260378;-3.600898;0.000000
895;-14.950809;-1.923812;0.000000
896;-9.513333;-3.407702;0.000000
897;-15.432048;-0.445990;0.000000
898;-13.561308;-3.245236;0.000000
899;-16.875612;-0.981442;0.000000
900;-1.721432;-2.977297;0.000000
901;-25.366196;-1.401250;0.000000
902;-2.346193;-3.858102;0.000000
903;-0.929754;-3.145825;0.000000
904;-0.237069;-2.846777;0.000000
905;-1.484368;-3.807424;0.000000
906;0.658248;-3.251871;0.000000
907;0.397704;-2.474909;0.000000
908;-25.407621;-2.952421;0.000000
909;-24.235918;-1.902560;0.000000
910;-1.836544;-5.171742;0.000000
911;1.592915;-3.201497;0.000000
912;1.203844;-4.678834;0.000000
913;2.689329;-4.265346;0.000000
914;0.470603;-4.141402;0.000000
915;-0.604904;-4.831380;0.000000
916;0.328869;-5.103688;0.000000
917;-0.561090;-6.418295;0.000000
918;1.426434;-6.250671;0.000000
919;-6.845770;-2.238305;0.000000
920;-17.828970;-1.310704;0.000000
921;-30.000000;-2.812500;0.000000
922;-28.543448;-3.281250;0.000000
923;29.345617;-0.468750;0.000000
924;29.225249;-1.327926;0.000000
925;28.552504;-2.573886;0.000000
926;20.779359;-0.955093;0.000000
927;10.135452;-1.669902;0.000000
928;21.855961;-1.186855;0.000000
929;17.898344;-0.499052;0.000000
930;11.913456;-3.099117;0.000000
931;27.432533;-1.632487;0.000000
932;-10.182371;-3.928241;0.000000
933;-3.697922;-4.989145;0.000000
934;-5.874134;-2.515109;0.000000
935;-19.860159;-2.016446;0.000000
936;22.610405;-1.908638;0.000000
937;26.669956;-3.162916;0.000000
938;-13.922259;-1.557254;0.000000
939;-4.801883;-3.699821;0.000000
940;24.033219;-2.773890;0.000000
941;-12.988558;-1.831696;0.000000
942;15.228538;-2.314143;0.000000
943;-6.790010;-3.886295;0.000000
944;4.899673;-5.448525;0.000000
945;-7.208549;-5.413063;0.000000
946;-7.292522;-3.078359;0.000000
947;4.117174;-7.013562;0.000000
948;-7.759038;-3.928760;0.000000
949;-16.213651;-3.181303;0.000000
950;-8.443624;-3.241620;0.000000
951;-9.305035;-2.586005;0.000000
952;11.159515;-2.651328;0.000000
953;-16.847623;-2.172545;0.000000
954;5.951421;-6.846907;0.000000
955;-9.039113;-4.707426;0.000000
956;19.667572;-1.523878;0.000000
957;16.248386;-3.899933;0.000000
958;8.901733;-4.511927;0.000000
959;-11.959097;-4.201269;0.000000
960;-22.833474;-3.010563;0.000000
961;-20.118632;-4.233073;0.000000
962;-18.398139;-2.948429;0.000000
963;18.779278;-2.242771;0.000000
964;19.170056;-4.066486;0.000000
965;19.897482;-2.716219;0.000000
966;-10.770379;-6.019310;0.000000
967;-17.317239;-3.171278;0.000000
968;-18.203918;-4.739199;0.000000
969;-16.777571;-4.511142;0.000000
970;20.501019;-3.912437;0.000000
971;22.545514;-4.206851;0.000000
972;20.074878;-6.057319;0.000000
973;-26.897940;-3.025792;0.000000
974;-27.437807;-8.503845;0.000000
975;14.056350;-2.920493;0.000000
976;14.679772;-4.467906;0.000000
977;11.791816;-4.643979;0.000000
978;-5.681724;-5.010866;0.000000
979;7.465822;-4.293283;0.000000
980;-14.918854;-4.514848;0.000000
981;-17.136422;-6.841222;0.000000
982;-27.515490;-4.475327;0.000000
983;16.346512;-6.621004;0.000000
984;13.304698;-5.686103;0.000000
985;10.310316;-5.375880;0.000000
986;-5.820261;-7.584124;0.000000
987;7.898553;-6.275772;0.000000
988;-26.267991;-6.724058;0.000000
989;-26.091910;-4.225504;0.000000
990;11.720999;-6.365995;0.000000
991;-26.611725;-5.444353;0.000000
992;-27.525603;-6.375841;0.000000
993;-24.588536;-5.586933;0.000000
994;-30.000000;-5.625000;0.000000
995;-24.671965;-4.168286;0.000000
996;-28.910830;-4.637035;0.000000
997;-23.001836;-4.781845;0.000000
998;0.693102;-9.422410;0.000000
999;-3.020141;-7.658570;0.000000
1000;28.140457;-4.559817;0.000000
1001;-8.801767;-6.818948;0.000000
1002;-19.790641;-6.867076;0.000000
1003;9.778802;-7.633170;0.000000
1004;13.569165;-8.486570;0.000000
1005;5.293222;-9.780022;0.000000
1006;-22.500000;-15.000000;0.000000
1007;25.010880;-5.277651;0.000000
1008;-13.230062;-6.329923;0.000000
1009;18.120776;-5.744412;0.000000
1010;22.500000;-15.000000;0.000000
1011;30.000000;-5.625000;0.000000
1012;28.228131;-6.562500;0.000000
1013;7.500000;-15.000000;0.000000
1014;-24.500012;-7.526459;0.000000
1015;-23.131596;-6.492218;0.000000
1016;-22.208951;-9.135385;0.000000
1017;-21.358676;-5.766615;0.000000
1018;-21.695086;-7.473394;0.000000
1019;-20.210339;-8.842894;0.000000
1020;-7.500000;-15.000000;0.000000
1021;30.000000;-11.250000;0.000000
1022;-18.450576;-8.184213;0.000000
1023;-18.307094;-11.247617;0.000000
1024;-15.706955;-9.554460;0.000000
1025;-20.868615;-11.319428;0.000000
1026;-30.000000;-11.250000;0.000000
1027;-11.028435;-9.477673;0.000000
1028;22.765148;-7.074652;0.000000
1029;7.559881;-8.725840;0.000000
1030;-25.057199;-10.755539;0.000000
1031;-18.750000;-15.000000;0.000000
1032;-4.530617;-11.774409;0.000000
1033;7.640902;-11.863979;0.000000
1034;9.684540;-10.241101;0.000000
1035;11.250000;-15.000000;0.000000
1036;10.023755;-12.766447;0.000000
1037;13.125000;-12.517217;0.000000
1038;27.873982;-9.375000;0.000000
1039;-15.751628;-12.328919;0.000000
1040;-11.250000;-15.000000;0.000000
1041;-13.343667;-10.980102;0.000000
1042;-10.874847;-12.249444;0.000000
1043;-7.801786;-10.689020;0.000000
1044;3.750000;-15.000000;0.000000
1045;18.595564;-8.939302;0.000000
1046;25.909057;-7.699031;0.000000
1047;24.410561;-11.445718;0.000000
1048;26.250000;-15.000000;0.000000
1049;16.592563;-11.847903;0.000000
1050;27.238443;-12.238443;0.000000
1051;18.750000;-15.000000;0.000000
1052;19.839505;-11.939921;0.000000
