0;95.685639
1;72.428475
2;97.347617
3;72.911215
4;72.987794
5;72.939828
6;73.024821
7;78.381288
8;97.118027
9;72.072611
10;73.929493
11;97.263789
12;75.815968
13;91.438362
14;72.400711
15;72.547938
16;76.838307
17;101.002625
18;72.443869
19;92.646056
20;72.550854
21;72.404761
22;105.568905
23;91.439502
24;86.703982
25;72.127993
26;71.547648
27;106.368882
28;99.069808
29;72.868037
30;71.408051
31;102.404662
32;83.930383
33;103.083522
34;112.093557
35;95.648258
36;96.451808
37;81.242403
38;98.882683
39;101.283564
40;101.376274
41;94.192945
42;96.065575
43;98.578827
44;102.664764
45;94.291448
46;76.426609
47;98.915776
48;95.608912
49;96.233421
50;91.017450
51;106.004192
52;96.361247
53;95.286144
54;94.115153
55;96.538153
56;99.201800
57;108.006355
58;95.682167
59;98.330543
60;95.039669
61;99.122314
62;96.527929
63;93.571595
64;102.430276
65;100.924469
66;102.725419
67;107.553501
68;72.511883
69;72.482492
70;88.548423
71;72.542745
72;72.823219
73;93.902951
74;98.752130
75;100.602739
76;100.520944
77;96.968567
78;72.582920
79;76.853574
80;95.954131
81;102.523244
82;97.992222
83;108.478900
84;104.431729
85;72.540225
86;86.191179
87;72.587278
88;93.993460
89;72.294507
90;72.635559
91;72.520977
92;85.238498
93;114.410121
94;108.171329
95;72.687443
96;96.637197
97;80.522345
98;97.244375
99;100.804355
100;90.995377
101;96.527552
102;98.166724
103;93.921316
104;97.257880
105;94.902250
106;114.074743
107;105.180035
108;105.001537
109;103.009031
110;98.969189
111;104.237828
112;106.783297
113;103.955358
114;110.462950
115;107.227935
116;90.873930
117;91.243364
118;93.420800
119;91.437571
120;98.634770
121;92.169610
122;106.109854
123;89.704092
124;106.173269
125;99.351539
126;100.671659
127;91.070373
128;94.007584
129;98.547053
130;94.456336
131;95.479082
132;103.299645
133;100.495918
134;98.289107
135;94.316663
136;93.990120
137;103.808600
138;97.485722
139;91.626408
140;75.616261
141;97.083036
142;95.529737
143;92.971853
144;104.565697
145;78.030072
146;93.974256
147;96.447433
148;102.940312
149;98.132830
150;95.977182
151;108.270616
152;93.742249
153;101.975536
154;90.305228
155;93.546117
156;102.229125
157;105.548984
158;95.471952
159;96.172917
160;72.482812
161;99.906000
162;95.599367
163;94.800231
164;101.511183
165;94.528072
166;96.598907
167;82.872572
168;107.953401
169;100.332017
170;99.084811
171;73.279381
172;75.283199
173;75.483845
174;74.818447
175;99.506514
176;72.942951
177;98.522816
178;75.199012
179;72.782419
180;93.981561
181;75.525728
182;72.882648
183;75.621460
184;76.249735
185;72.689221
186;74.623982
187;95.762693
188;75.556526
189;99.303092
190;80.113674
191;78.317547
192;72.653339
193;72.618033
194;101.452579
195;74.595924
196;74.948209
197;103.033014
198;98.591564
199;74.384439
200;91.981362
201;111.734298
202;101.560229
203;72.991687
204;114.599857
205;73.121240
206;96.705903
207;106.726298
208;107.134936
209;91.185305
210;91.889101
211;94.132654
212;98.661716
213;99.338973
214;96.414729
215;97.059967
216;96.556472
217;89.935687
218;106.411300
219;94.470371
220;99.474511
221;105.210088
222;94.978986
223;78.422460
224;93.337904
225;91.945539
226;103.653088
227;101.269758
228;93.864148
229;73.453975
230;90.618458
231;84.299491
232;95.924816
233;96.950654
234;94.433916
235;87.527320
236;100.798515
237;93.676521
238;93.565270
239;104.204747
240;101.952019
241;94.239882
242;101.879191
243;99.436715
244;102.891068
245;93.452108
246;91.124924
247;75.707259
248;75.743082
249;75.563813
250;72.776031
251;98.151667
252;105.303728
253;75.588334
254;85.841283
255;73.422120
256;97.998273
257;96.546236
258;74.319028
259;75.721075
260;114.101942
261;98.851377
262;73.241518
263;75.318175
264;102.498246
265;98.834028
266;103.056348
267;105.370723
268;99.820136
269;75.371109
270;73.640752
271;93.809265
272;101.428596
273;93.607852
274;94.547966
275;85.726411
276;104.477614
277;74.010452
278;97.504679
279;91.861110
280;82.993466
281;94.652805
282;100.480704
283;100.929276
284;100.286001
285;104.536036
286;99.756647
287;97.686456
288;104.143391
289;108.229335
290;98.906142
291;93.397633
292;72.099293
293;101.648064
294;98.048659
295;111.770911
296;105.490444
297;92.222074
298;95.079074
299;100.144251
300;73.607036
301;100.092396
302;97.620185
303;99.918714
304;100.928654
305;97.440672
306;91.036537
307;101.092325
308;100.261294
309;113.634751
310;91.636463
311;95.932712
312;91.174737
313;97.158109
314;104.713880
315;97.923082
316;97.986902
317;76.560155
318;91.696450
319;106.497123
320;79.907666
321;79.159581
322;97.778823
323;96.530193
324;97.508489
325;99.912727
326;94.170908
327;97.456928
328;88.231602
329;86.383745
330;101.848834
331;108.630908
332;96.317504
333;94.177720
334;97.739246
335;94.403406
336;100.221741
337;93.800668
338;113.545642
339;105.888273
340;95.512754
341;96.254450
342;96.770184
343;91.965778
344;95.589732
345;93.030586
346;94.821315
347;96.443998
348;93.697257
349;99.971748
350;100.765286
351;107.237077
352;101.112768
353;73.355226
354;101.682113
355;97.493207
356;99.843660
357;94.674523
358;97.727951
359;103.221652
360;105.724448
361;98.423900
362;107.352931
363;100.701262
364;108.338981
365;96.755802
366;101.739500
367;106.931718
368;97.272290
369;104.106335
370;94.178019
371;97.086372
372;97.947729
373;97.579474
374;102.481363
375;98.289626
376;97.424266
377;103.712562
378;101.284170
379;101.783819
380;103.936431
381;101.436493
382;97.118498
383;101.110583
384;96.938993
385;97.766508
386;100.019071
387;101.391315
388;100.983799
389;86.229097
390;91.715330
391;101.594578
392;100.037512
393;98.710343
394;103.356030
395;100.913804
396;106.117353
397;103.186204
398;107.549774
399;97.726410
400;105.342796
401;101.117488
402;100.913665
403;98.823592
404;93.855670
405;88.426681
406;84.293930
407;101.385128
408;87.331077
409;101.650342
410;97.587472
411;97.418943
412;95.156664
413;105.464163
414;98.763375
415;96.118458
416;103.271814
417;104.442490
418;79.739235
419;105.176474
420;98.731071
421;102.812911
422;101.824817
423;108.021346
424;97.510610
425;103.533364
426;73.867544
427;77.777953
428;103.926184
429;92.652782
430;91.583973
431;94.483751
432;98.694867
433;99.893334
434;78.871892
435;82.782462
436;72.070476
437;90.447343
438;73.415536
439;96.586974
440;73.475675
441;96.552518
442;99.949122
443;104.223861
444;96.041215
445;99.776809
446;98.238856
447;98.854506
448;90.732824
449;101.493702
450;110.329962
451;104.321323
452;92.662811
453;91.479788
454;91.468581
455;101.279047
456;95.479804
457;94.003623
458;107.227422
459;101.173910
460;99.157460
461;100.933930
462;94.258453
463;93.030339
464;75.475996
465;74.019826
466;94.000940
467;96.388325
468;97.502161
469;99.060494
470;92.561969
471;98.249950
472;98.634947
473;92.750960
474;103.328130
475;108.659832
476;94.787165
477;95.744021
478;96.808722
479;99.539764
480;95.031918
481;94.609442
482;96.616488
483;98.259313
484;102.176950
485;111.292311
486;111.042815
487;109.098971
488;101.558439
489;100.188864
490;99.734393
491;101.939832
492;101.957889
493;98.773439
494;97.601298
495;101.706015
496;95.653794
497;96.351257
498;100.225388
499;103.667283
500;96.227618
501;105.269602
502;104.237729
503;100.175123
504;104.794873
505;71.859953
506;73.105555
507;100.413019
508;91.622630
509;93.952340
510;88.418905
511;90.286821
512;84.412757
513;88.719532
514;99.463656
515;104.704920
516;102.563944
517;106.667196
518;103.239186
519;98.662503
520;97.281761
521;100.334022
522;94.637312
523;96.962920
524;92.102218
525;96.819408
526;92.988541
527;95.904385
528;105.782716
529;91.731851
530;101.883449
531;98.318795
532;104.237931
533;94.307809
534;95.984102
535;100.527761
536;93.283228
537;98.920087
538;98.115777
539;99.866985
540;106.484476
541;97.499684
542;94.628750
543;89.510266
544;99.930280
545;98.457200
546;97.153986
547;94.972285
548;94.670427
549;101.944720
550;105.416323
551;98.810653
552;95.772291
553;99.910974
554;96.317093
555;99.189728
556;93.952288
557;100.500087
558;97.765242
559;91.690174
560;97.784067
561;103.675678
562;99.014174
563;95.633856
564;102.272447
565;92.929654
566;95.657158
567;87.687245
568;102.676459
569;85.934494
570;86.237914
571;92.779388
572;87.493309
573;93.216362
574;99.702231
575;93.370339
576;89.614479
577;95.544190
578;91.973459
579;92.354954
580;95.140314
581;94.128059
582;92.361575
583;99.812796
584;95.489247
585;99.688776
586;104.808157
587;101.406587
588;99.703861
589;100.006355
590;99.231838
591;98.612136
592;101.059814
593;102.789007
594;95.827507
595;91.131074
596;92.884705
597;100.520990
598;100.660671
599;102.595448
600;99.862579
601;98.982929
602;73.732396
603;100.401104
604;102.391859
605;93.686880
606;94.408304
607;99.878871
608;93.285858
609;97.022355
610;94.591302
611;94.195623
612;95.686874
613;94.918352
614;88.578978
615;98.152764
616;98.085274
617;95.844495
618;98.073255
619;97.050767
620;106.489041
621;104.350995
622;95.244025
623;85.861144
624;100.008633
625;97.940844
626;91.999199
627;93.031415
628;96.720552
629;102.272606
630;101.380804
631;105.069083
632;96.220617
633;93.225907
634;91.834200
635;95.517140
636;100.128317
637;98.877981
638;100.858794
639;98.835104
640;99.257829
641;94.002830
642;96.175969
643;93.502547
644;95.617472
645;98.994698
646;96.586287
647;98.649367
648;96.810795
649;98.541763
650;94.368661
651;96.384121
652;107.259580
653;106.060618
654;98.202840
655;98.595402
656;99.591444
657;99.779694
658;96.002084
659;100.968318
660;97.759951
661;100.960848
662;102.152187
663;105.208200
664;102.251652
665;97.087185
666;100.324481
667;92.757363
668;95.391956
669;96.917615
670;95.771474
671;96.044478
672;108.300527
673;105.046494
674;97.942100
675;99.508333
676;93.571795
677;98.683358
678;94.205075
679;98.827971
680;98.845690
681;97.332451
682;100.933583
683;94.593758
684;104.522935
685;96.711779
686;102.734711
687;101.120081
688;107.020112
689;92.270787
690;101.799679
691;92.404144
692;92.301388
693;92.299092
694;93.018361
695;95.498532
696;93.649199
697;93.555530
698;98.723892
699;93.708768
700;93.193453
701;96.747340
702;94.007345
703;94.688025
704;97.972212
705;100.846942
706;99.586164
707;100.523564
708;95.463894
709;94.846034
710;95.210934
711;97.019237
712;98.665484
713;97.342198
714;98.162615
715;95.858303
716;92.631407
717;93.608549
718;103.376332
719;104.147013
720;93.608208
721;99.703346
722;105.462460
723;87.055946
724;95.442086
725;96.128129
726;98.722015
727;100.281314
728;98.653574
729;101.221745
730;99.020204
731;102.624735
732;102.994588
733;104.380480
734;103.431784
735;101.777396
736;102.890133
737;100.051821
738;104.451002
739;105.043570
740;96.673398
741;96.193939
742;89.517099
743;91.237910
744;101.983683
745;100.182347
746;97.372746
747;98.437467
748;101.820690
749;97.152253
750;98.574168
751;95.574523
752;94.070784
753;98.702048
754;100.455114
755;103.728317
756;99.654690
757;96.817309
758;99.882762
759;81.317014
760;93.862289
761;84.883123
762;104.226210
763;103.384458
764;104.815741
765;102.927837
766;90.942294
767;78.884062
768;103.979076
769;95.640307
770;98.523262
771;98.842323
772;98.331058
773;74.849253
774;97.858404
775;98.109333
776;103.129032
777;102.537155
778;101.295044
779;99.860199
780;101.370789
781;97.589673
782;98.693469
783;98.904889
784;102.827027
785;94.571692
786;104.171869
787;101.971002
788;92.580416
789;93.630151
790;106.473330
791;93.756319
792;94.763861
793;96.904602
794;106.419373
795;102.940443
796;104.379782
797;103.204860
798;81.355932
799;103.366411
800;94.692520
801;100.980527
802;84.352895
803;103.727859
804;98.818114
805;99.135046
806;100.393441
807;101.084354
808;105.786619
809;99.517592
810;109.207201
811;107.273240
812;101.895006
813;101.107732
814;102.420859
815;107.376497
816;106.679713
817;105.249513
818;105.920143
819;103.691569
820;102.770865
821;99.470925
822;105.167911
823;104.126102
824;99.738654
825;100.140332
826;96.942365
827;92.449479
828;100.156579
829;107.447421
830;105.689977
831;102.060512
832;78.777721
833;73.899759
834;95.609175
835;103.345362
836;102.424249
837;101.217506
838;101.267086
839;101.962762
840;93.023282
841;96.574557
842;80.755602
843;99.559571
844;104.010420
845;101.046640
846;93.716663
847;104.603866
848;78.054202
849;71.740411
850;76.265145
851;75.301319
852;88.587452
853;75.457153
854;104.281519
855;97.926413
856;109.459803
857;103.782970
858;100.074603
859;102.701227
860;96.892540
861;103.125289
862;101.892143
863;96.536536
864;104.019917
865;101.525353
866;106.596073
867;105.323312
868;97.535316
869;100.705440
870;100.860099
871;101.245652
872;105.820008
873;104.539143
874;94.364180
875;99.329432
876;102.091573
877;104.188566
878;99.982378
879;104.082493
880;103.464284
881;95.965373
882;104.420128
883;84.008141
884;90.402890
885;97.273377
886;98.126567
887;96.710667
888;101.886779
889;106.993163
890;95.519290
891;96.801282
892;101.568121
893;100.277239
894;100.572091
895;101.435667
896;104.028992
897;103.446822
898;104.723605
899;100.658941
900;105.776923
901;105.823703
902;100.453377
903;106.414851
904;101.898783
905;99.042522
906;102.885244
907;100.610857
908;102.173431
909;105.367673
910;104.348633
911;98.434547
912;98.959321
913;101.498075
914;98.932618
915;111.680268
916;87.482435
917;75.844671
918;109.228853
919;107.572078
920;96.433439
921;102.559003
922;107.924341
923;103.187967
924;106.116360
925;95.313801
926;99.598462
927;75.726396
928;103.751256
929;104.333580
930;103.192040
931;102.108894
932;102.465383
933;104.361626
934;81.574801
935;98.846543
936;100.509388
937;94.920336
938;104.910740
939;98.313122
940;102.982421
941;103.647628
942;102.265784
943;101.071705
944;96.562810
945;98.300126
946;92.057998
947;106.796380
948;98.265843
949;50.164555
950;110.019944
951;110.794098
952;101.675570
953;99.380791
954;98.554852
955;97.441798
956;102.529677
957;98.834772
958;104.970195
959;105.635695
960;101.094338
961;88.728950
962;100.759888
963;70.822396
964;100.039171
965;101.596092
966;99.836408
967;96.373884
968;97.518716
969;104.425497
970;94.658001
971;97.707547
972;94.592987
973;101.076436
974;93.295602
975;91.882470
976;92.939531
977;96.108432
978;98.185170
979;99.400446
980;100.442574
981;75.730748
982;100.410556
983;96.294343
984;98.331008
985;92.618718
986;101.547373
987;107.530199
988;107.145785
989;90.613375
990;81.861554
991;101.907241
992;109.155663
993;81.532811
994;85.634778
995;90.002964
996;96.139851
997;106.905148
998;106.671042
999;92.390143
1000;93.311735
1001;100.543713
1002;99.951544
1003;102.450863
1004;80.661900
1005;94.893161
1006;101.770232
1007;100.486624
1008;77.163722
1009;96.754039
1010;104.384068
1011;105.997418
1012;103.142763
1013;96.020396
1014;99.761262
1015;100.511544
1016;102.605756
1017;89.295294
1018;88.191782
1019;109.047993
1020;104.888057
1021;94.042896
1022;93.844727
1023;102.134782
1024;84.303930
1025;77.185901
1026;109.132421
1027;78.318903
1028;60.100623
1029;91.799006
1030;91.147778
1031;56.701441
1032;71.508527
1033;85.309828
1034;71.802495
1035;102.692947
1036;101.108676
1037;95.314088
1038;108.763250
1039;84.640803
1040;91.025287
1041;83.077996
1042;81.243912
1043;85.237799
1044;91.665182
1045;100.302021
1046;110.355647
1047;85.707869
1048;96.902779
1049;91.326342
1050;98.080211
1051;74.517369
1052;94.491658
1053;85.805532
1054;93.794503
1055;88.791247
1056;92.670840
1057;105.714024
1058;93.184926
1059;97.773829
1060;91.743456
1061;93.339706
1062;94.501793
1063;78.573046
1064;98.026672
1065;94.362678
1066;83.322324
1067;96.382077
1068;91.078288
1069;78.959946
1070;71.746303
1071;95.981159
1072;104.700523
1073;98.885991
1074;75.467327
1075;97.845727
1076;94.985112
1077;100.311372
1078;75.688601
1079;93.053054
1080;83.313003
1081;65.568243
1082;67.542950
1083;68.025435
1084;76.914847
1085;99.607656
1086;100.885873
1087;99.554303
1088;75.556098
1089;95.404561
1090;76.232811
1091;107.033929
1092;109.133625
1093;89.737471
1094;97.019902
1095;85.333340
1096;65.164313
1097;89.966275
1098;103.262779
1099;88.941784
1100;92.831650
1101;82.255097
1102;103.103375
1103;103.250715
1104;101.565921
1105;95.845035
1106;96.673995
1107;85.299597
1108;91.007374
1109;91.633728
1110;76.243731
1111;108.685912
1112;109.231277
1113;104.366486
1114;103.687467
1115;94.752093
1116;76.799334
1117;100.855883
1118;79.753773
1119;96.280615
1120;95.489706
1121;60.844885
1122;85.556362
1123;89.093878
1124;91.978704
1125;71.860557
1126;72.984487
1127;90.746375
1128;94.246889
1129;105.908903
1130;105.211176
1131;100.432768
1132;102.587417
1133;72.626376
1134;74.633593
1135;91.216526
1136;95.718498
1137;101.481771
1138;106.524109
1139;85.784551
1140;103.830784
1141;86.141368
1142;91.300996
1143;106.151864
1144;99.265029
1145;86.309682
1146;89.454292
1147;101.288738
1148;91.061478
1149;72.919850
1150;75.355062
1151;89.320991
1152;94.994078
1153;94.658359
1154;86.177883
1155;94.247925
1156;89.099256
1157;102.169620
1158;100.052829
1159;87.513446
1160;91.217384
1161;85.027720
1162;88.631003
1163;93.970552
1164;95.491357
1165;94.290510
1166;90.884400
1167;87.828336
1168;93.932981
1169;98.874005
1170;98.908020
1171;88.268314
1172;86.408463
1173;101.306763
1174;97.101487
1175;88.890645
1176;93.120344
1177;92.633613
1178;94.687184
1179;88.081278
1180;87.665883
1181;89.046447
1182;82.845932
1183;87.339077
1184;79.112256
1185;90.874950
1186;93.473018
1187;90.530257
1188;87.315163
1189;75.538906
1190;92.689991
1191;99.186103
1192;105.599308
1193;91.833401
1194;91.067870
1195;84.980239
1196;87.826559
1197;97.967864
1198;91.807049
1199;91.374392
1200;95.387737
1201;99.753895
1202;91.921204
1203;77.262479
1204;54.780642
1205;94.028155
1206;95.621168
1207;83.619267
1208;82.821203
1209;96.240059
1210;90.989735
1211;97.673197
1212;96.430586
1213;101.070640
1214;76.769184
1215;77.650633
1216;63.860142
1217;73.484748
1218;73.015799
1219;72.417155
1220;72.463273
1221;72.455487
1222;72.505695
1223;72.690205
1224;72.794478
1225;72.619931
1226;72.612695
1227;72.778733
1228;73.055124
1229;72.705710
1230;72.729885
1231;75.583302
1232;72.790083
1233;72.675080
1234;72.960603
1235;72.749141
1236;74.130321
1237;74.676247
1238;73.057604
1239;75.854828
1240;78.835564
1241;72.755511
1242;72.926239
1243;99.262795
1244;99.225728
1245;74.083888
1246;84.427742
1247;71.811462
1248;72.910032
1249;101.576552
1250;86.811219
1251;74.715276
1252;75.875535
1253;88.117417
1254;84.740872
1255;91.507520
1256;94.248081
1257;97.962060
1258;94.639606
1259;92.213828
1260;85.011769
1261;90.675461
1262;75.721628
1263;73.397977
1264;72.810962
1265;73.140460
1266;72.996627
1267;72.495809
1268;72.540833
1269;72.672742
1270;72.413161
1271;92.229979
1272;72.415571
1273;72.502995
1274;72.410499
1275;72.477230
1276;72.461768
1277;72.440342
1278;72.511842
1279;72.594216
1280;72.652370
1281;72.372789
1282;71.618922
1283;72.736203
1284;72.865199
1285;76.723893
1286;75.404440
1287;73.081054
1288;72.861041
1289;73.430959
1290;74.677822
1291;74.610243
1292;73.588228
1293;75.675983
1294;75.642734
1295;75.791304
1296;74.595876
1297;73.175596
1298;72.904674
1299;73.900277
1300;73.968884
1301;90.554770
1302;33.667704
1303;72.427503
1304;72.449930
1305;73.251646
1306;72.999466
1307;72.617115
1308;72.939282
1309;73.239937
1310;74.610950
1311;72.158596
1312;72.496288
1313;72.791710
1314;72.843847
1315;72.849052
1316;73.033119
1317;73.233771
1318;72.781630
1319;72.869130
1320;72.920278
1321;72.910773
1322;72.994016
1323;72.946246
1324;72.993663
1325;72.991570
1326;73.076386
1327;73.105328
1328;73.120389
1329;73.071432
1330;72.804232
1331;73.221249
1332;79.673710
1333;73.312793
1334;57.756766
1335;73.041379
1336;72.786408
1337;87.105196
1338;72.895992
1339;72.887823
1340;72.752092
1341;73.025960
1342;72.728468
1343;73.124965
1344;73.188437
1345;73.085826
1346;73.564492
1347;86.232472
1348;73.921346
1349;75.544063
1350;75.661048
1351;72.852208
1352;72.819980
1353;75.426851
1354;75.464388
1355;75.223463
1356;74.779412
1357;73.273864
1358;72.883928
1359;72.468761
1360;72.517473
1361;72.850991
1362;72.697589
1363;73.204425
1364;73.025112
1365;72.765733
1366;72.694807
1367;72.702129
1368;72.626648
1369;72.774852
1370;72.736056
1371;72.875234
1372;72.996455
1373;73.051177
1374;72.905442
1375;75.791132
1376;73.164190
1377;75.723113
1378;75.746663
1379;73.732375
1380;73.523295
1381;71.825704
1382;97.135649
1383;90.110027
1384;87.507242
1385;83.503996
1386;85.841889
1387;97.116487
1388;106.084306
1389;89.958581
1390;91.806969
1391;83.763377
1392;90.758212
1393;75.467418
1394;64.695890
1395;86.276434
1396;92.749406
1397;74.143677
1398;115.998973
1399;103.141052
1400;50.649015
1401;99.026248
1402;92.226040
1403;85.054404
1404;83.114775
1405;85.307170
1406;75.721786
1407;61.117786
1408;76.186827
1409;85.627754
1410;34.950552
1411;75.314336
1412;79.785055
1413;83.770144
1414;75.020332
1415;95.600374
1416;76.886517
1417;75.721684
1418;89.622794
1419;104.977637
1420;58.447784
1421;76.139952
1422;93.217402
1423;74.861645
1424;75.369894
1425;89.418481
1426;87.334524
1427;38.072068
1428;75.764197
1429;75.800915
1430;95.710132
1431;73.261157
1432;103.209844
1433;70.558726
1434;74.101419
1435;91.795206
1436;35.202104
1437;63.400208
1438;72.623260
1439;77.884725
1440;83.569875
1441;65.193582
1442;111.965814
1443;72.772183
1444;68.786189
1445;83.364989
1446;73.652305
1447;74.783229
1448;77.439955
1449;66.867833
1450;75.881470
1451;72.869699
1452;72.739327
1453;96.699250
1454;73.295197
1455;110.681429
1456;37.937320
1457;72.117137
1458;72.704957
1459;72.746839
1460;73.055177
1461;74.216624
1462;73.618820
1463;75.673128
1464;74.111326
1465;72.528128
1466;72.869449
1467;110.679960
1468;73.048772
1469;102.850064
1470;82.872696
1471;74.194366
1472;92.570751
1473;36.691545
1474;29.276186
1475;64.635181
1476;74.710146
1477;74.022690
1478;71.711899
1479;76.953454
1480;79.163622
1481;72.562979
1482;68.995602
1483;72.760403
1484;52.433869
1485;72.454243
1486;72.645259
1487;73.129709
1488;72.626034
1489;72.444252
1490;75.259446
1491;39.315894
1492;54.672565
1493;45.395491
1494;97.591464
1495;70.863998
1496;68.411576
1497;73.819251
1498;73.224556
1499;73.558827
1500;72.437744
1501;72.551192
1502;72.729525
1503;99.056242
1504;72.923618
1505;73.280292
1506;72.579689
1507;73.155329
1508;73.089545
1509;72.674763
1510;72.841438
1511;74.298373
1512;74.201235
1513;100.913015
1514;98.699333
1515;86.470569
1516;78.400868
1517;84.709620
1518;79.730634
1519;83.966956
1520;43.037405
1521;66.748583
1522;74.970804
1523;84.790878
1524;82.147629
1525;77.094647
1526;69.409387
1527;103.073513
1528;102.404760
1529;90.133354
1530;64.355592
1531;45.462717
1532;74.477280
1533;41.816442
1534;75.551521
1535;31.160171
1536;67.777670
1537;44.449252
1538;58.093164
1539;41.938857
1540;95.242141
1541;36.382501
1542;33.456975
1543;71.423774
1544;74.038506
1545;24.737571
1546;28.192096
1547;32.223100
1548;36.817358
1549;34.503823
1550;84.901087
1551;54.021311
1552;46.233409
1553;73.433460
1554;73.861835
1555;72.826454
1556;73.003031
1557;75.075610
1558;73.780580
1559;91.036248
1560;44.125697
1561;77.886255
1562;97.078259
1563;87.344406
1564;80.045337
1565;73.209808
1566;84.895947
1567;72.294123
1568;77.064628
1569;59.886090
1570;86.681485
1571;104.552446
1572;77.551703
1573;72.990841
1574;72.985623
1575;109.519131
1576;81.591835
1577;92.847585
1578;95.274321
1579;65.044547
1580;60.030837
1581;100.051701
1582;76.282051
1583;39.797726
1584;40.674146
1585;72.271173
1586;62.437850
1587;72.857135
1588;74.594387
1589;73.138084
1590;73.897735
1591;27.672009
1592;87.208897
1593;56.077275
1594;32.977934
1595;45.901344
1596;25.776452
1597;44.659149
1598;67.469502
1599;73.986428
1600;61.412457
1601;57.222129
1602;54.632782
1603;65.487937
1604;51.690560
1605;86.180024
1606;37.379553
1607;62.363763
1608;52.097684
1609;82.496370
1610;110.921473
1611;73.809490
1612;78.177070
1613;73.738161
1614;72.643384
1615;73.024295
1616;73.153487
1617;73.474070
1618;73.419302
1619;73.378393
1620;73.872476
1621;75.551511
1622;75.830825
1623;73.439882
1624;79.611381
1625;75.520241
1626;75.280241
1627;83.064707
1628;69.876289
1629;111.197526
1630;82.214367
1631;73.700831
1632;73.541508
1633;47.074626
1634;82.532947
1635;100.620834
1636;68.763844
1637;73.976653
1638;69.755420
1639;79.141238
1640;113.885329
1641;74.285962
1642;74.809076
1643;74.447669
1644;74.105322
1645;105.050509
1646;84.107928
1647;68.142415
1648;102.795813
1649;75.828905
1650;75.755366
1651;70.971284
1652;83.856540
1653;75.815343
1654;74.894174
1655;52.671844
1656;75.836717
1657;71.560971
1658;30.918962
1659;71.556443
1660;65.397214
1661;75.419500
1662;52.330731
1663;57.153638
1664;61.761710
1665;71.243335
1666;76.723617
1667;46.382357
1668;76.139857
1669;73.461698
1670;75.032968
1671;72.493354
1672;75.293607
1673;97.213090
1674;63.092643
1675;67.644726
1676;75.573782
1677;61.565678
1678;74.585317
1679;64.095622
1680;62.745486
1681;75.303031
1682;68.238531
1683;59.993435
1684;61.215650
1685;77.541172
1686;59.296414
1687;73.278983
1688;77.640357
1689;73.849223
1690;77.044527
1691;76.118738
1692;78.394473
1693;74.199575
1694;75.258522
1695;66.752003
1696;74.393609
1697;74.707655
1698;74.490028
1699;76.022418
1700;55.047570
1701;76.633125
1702;77.218408
1703;73.532384
1704;54.971731
1705;76.069353
1706;72.818862
1707;73.987577
1708;74.804147
1709;73.763542
1710;74.356150
1711;68.866062
1712;68.195903
1713;72.899358
1714;74.222519
1715;74.926743
1716;73.138256
1717;68.067049
1718;64.523453
1719;62.587560
1720;72.592576
1721;61.731125
1722;63.726866
1723;67.966561
1724;90.810141
1725;54.453857
1726;58.878512
1727;72.734471
1728;61.168730
1729;50.436503
1730;75.348181
1731;73.641777
1732;73.328267
1733;62.843388
1734;62.235309
1735;62.832125
1736;61.198800
1737;63.460950
1738;64.432180
1739;59.526414
1740;44.662205
1741;57.416477
1742;61.871039
1743;73.913848
1744;74.012468
1745;73.600744
1746;73.818909
1747;63.543131
1748;62.925845
1749;74.406998
1750;74.019860
1751;73.141023
1752;73.225998
1753;74.533544
1754;74.238139
1755;74.080684
1756;73.430839
1757;73.281696
1758;73.737558
1759;73.474045
1760;74.532424
1761;74.708688
1762;57.132835
1763;53.155799
1764;45.136400
1765;53.526178
1766;74.430378
1767;74.294471
1768;59.381947
1769;47.984872
1770;74.312323
1771;74.572016
1772;62.683434
1773;60.094069
1774;60.832650
1775;65.005699
1776;59.777555
1777;48.335526
1778;74.633087
1779;74.891423
1780;73.224894
1781;74.459977
1782;66.342588
1783;69.514358
1784;72.854030
1785;67.194682
1786;73.820170
1787;74.395067
1788;74.345659
1789;74.408295
1790;73.942094
1791;56.297427
1792;61.105587
1793;74.309843
1794;74.521000
1795;74.462546
1796;74.651582
1797;61.794659
1798;75.452233
1799;75.117504
1800;74.242534
1801;74.921337
1802;72.104217
1803;72.741962
1804;65.119675
1805;47.884760
1806;74.192398
1807;74.181486
1808;71.836016
1809;69.152684
1810;73.615980
1811;63.510786
1812;66.328191
1813;48.895242
1814;74.199498
1815;72.526633
1816;70.884988
1817;74.245113
1818;44.610821
1819;72.338088
1820;74.452717
1821;59.248199
1822;73.930573
1823;42.082971
1824;70.616174
1825;44.671555
1826;60.063898
1827;60.027396
1828;59.368267
1829;60.584066
1830;58.689812
1831;59.501067
1832;61.425018
1833;73.147792
1834;60.547926
1835;71.549344
1836;66.980762
1837;55.231689
1838;60.059425
1839;52.182090
1840;50.282572
1841;47.361817
1842;42.394328
1843;43.545444
1844;45.482593
1845;73.422478
1846;54.182622
1847;62.722216
1848;73.863653
1849;70.230352
1850;73.882945
1851;74.147250
1852;74.209672
1853;67.307226
1854;64.629028
1855;69.161877
1856;73.886487
1857;64.986327
1858;71.076829
